v 3.719569 -1.130219 0.850761
 v 1.719604 -1.128040 0.839196
 v 1.718455 -1.147230 1.034285
v 1.718455 -1.147230 1.034285
 v 3.718420 -1.149409 1.045850
 v 3.719569 -1.130219 0.850761
v 3.718420 -1.149409 1.045850
v 1.718455 -1.147230 1.034285
v 1.717308 -1.204112 1.221882
v 1.717308 -1.204112 1.221882
v 3.717273 -1.206291 1.233447
v 3.718420 -1.149409 1.045850
v 3.717273 -1.206291 1.233447
v 1.717308 -1.204112 1.221882
v 1.716207 -1.296500 1.394777
v 1.716207 -1.296500 1.394777
v 3.716173 -1.298679 1.406342
v 3.717273 -1.206291 1.233447
v 3.716173 -1.298679 1.406342
v 1.716207 -1.296500 1.394777
 v 1.715196 -1.420843 1.546326
v 1.715196 -1.420843 1.546326
v 3.715161 -1.423022 1.557891
v 3.716173 -1.298679 1.406342
v 3.715161 -1.423022 1.557891
v 1.715196 -1.420843 1.546326
 v 1.714311 -1.572364 1.670705
v 1.714311 -1.572364 1.670705
v 3.714277 -1.574543 1.682270
v 3.715161 -1.423022 1.557891
v 3.714277 -1.574543 1.682270
v 1.714311 -1.572364 1.670705
v 1.713588 -1.745239 1.763134
v 1.713588 -1.745239 1.763134
v 3.713554 -1.747418 1.774699
v 3.714277 -1.574543 1.682270
v 3.713554 -1.747418 1.774699
v 1.713588 -1.745239 1.763134
v 1.713055 -1.932825 1.820062
v 1.713055 -1.932825 1.820062
v 3.713020 -1.935004 1.831627
v 3.713554 -1.747418 1.774699
v 3.713020 -1.935004 1.831627
v 1.713055 -1.932825 1.820062
v 1.712731 -2.127912 1.839300
v 1.712731 -2.127912 1.839300
v 3.712697 -2.130091 1.850865
v 3.713020 -1.935004 1.831627
v 3.712697 -2.130091 1.850865
v 1.712731 -2.127912 1.839300
 v 1.712629 -2.323005 1.820109
v 1.712629 -2.323005 1.820109
v 3.712595 -2.325184 1.831674
v 3.712697 -2.130091 1.850865
v 3.712595 -2.325184 1.831674
v 1.712629 -2.323005 1.820109
v 1.712754 -2.510605 1.763227
v 1.712754 -2.510605 1.763227
v 3.712719 -2.512784 1.774792
v 3.712595 -2.325184 1.831674
v 3.712719 -2.512784 1.774792
v 1.712754 -2.510605 1.763227
v 1.713100 -2.683504 1.670839
v 1.713100 -2.683504 1.670839
v 3.713065 -2.685683 1.682404
v 3.712719 -2.512784 1.774792
v 3.713065 -2.685683 1.682404
v 1.713100 -2.683504 1.670839
v 1.713654 -2.835056 1.546497
v 3.713619 -2.837235 1.558062
v 3.713065 -2.685683 1.682404
v 3.713619 -2.837235 1.558062
v 1.713654 -2.835056 1.546497
v 1.714394 -2.959438 1.394978
v 1.714394 -2.959438 1.394978
v 3.714360 -2.961617 1.406543
v 3.713619 -2.837235 1.558062
v 3.714360 -2.961617 1.406543
v 1.714394 -2.959438 1.394978
v 1.715293 -3.051870 1.222105
v 1.715293 -3.051870 1.222105
v 3.715259 -3.054049 1.233670
v 3.714360 -2.961617 1.406543
v 3.715259 -3.054049 1.233670
v 1.715293 -3.051870 1.222105
v 1.716316 -3.108799 1.034522
v 1.716316 -3.108799 1.034522
v 3.716281 -3.110978 1.046087
v 3.715259 -3.054049 1.233670
v 3.716281 -3.110978 1.046087
v 1.716316 -3.108799 1.034522
v 1.717423 -3.128039 0.839437
v 1.717423 -3.128039 0.839437
v 3.717389 -3.130218 0.851002
v 3.716281 -3.110978 1.046087
v 3.717389 -3.130218 0.851002
v 1.717423 -3.128039 0.839437
v 1.718572 -3.108849 0.644347
v 1.718572 -3.108849 0.644347
v 3.718538 -3.111028 0.655912
v 3.717389 -3.130218 0.851002
v 3.718538 -3.111028 0.655912
v 1.718572 -3.108849 0.644347
v 1.719719 -3.051967 0.456751
v 1.719719 -3.051967 0.456751
v 3.719684 -3.054146 0.468315
v 3.718538 -3.111028 0.655912
v 3.719684 -3.054146 0.468315
v 1.719719 -3.051967 0.456751
v 1.720819 -2.959579 0.283855
v 1.720819 -2.959579 0.283855
v 3.720785 -2.961758 0.295420
v 3.719684 -3.054146 0.468315
v 3.720785 -2.961758 0.295420
v 1.720819 -2.959579 0.283855
v 1.721831 -2.835235 0.132306
v 1.721831 -2.835235 0.132306
v 3.721797 -2.837414 0.143871
v 3.720785 -2.961758 0.295420
v 3.721797 -2.837414 0.143871
v 1.721831 -2.835235 0.132306
v 1.722715 -2.683714 0.007927
v 1.722715 -2.683714 0.007927
v 3.722681 -2.685893 0.019492
v 3.721797 -2.837414 0.143871
v 3.722681 -2.685893 0.019492
v 1.722715 -2.683714 0.007927
v 1.723438 -2.510839 -0.084502
v 1.723438 -2.510839 -0.084502
v 3.723404 -2.513018 -0.072937
v 3.722681 -2.685893 0.019492
v 3.723404 -2.513018 -0.072937
v 1.723438 -2.510839 -0.084502
v 1.723972 -2.323253 -0.141429
v 1.723972 -2.323253 -0.141429
v 3.723937 -2.325432 -0.129864
v 3.723404 -2.513018 -0.072937
v 3.723937 -2.325432 -0.129864
v 1.723972 -2.323253 -0.141429
v 1.724296 -2.128165 -0.160667
v 1.724296 -2.128165 -0.160667
v 3.724261 -2.130345 -0.149102
v 3.723937 -2.325432 -0.129864
v 3.724261 -2.130345 -0.149102
v 1.724296 -2.128165 -0.160667
v 1.724397 -1.933073 -0.141476
v 1.724397 -1.933073 -0.141476
v 3.724363 -1.935252 -0.129911
v 3.724261 -2.130345 -0.149102
v 3.724363 -1.935252 -0.129911
v 1.724397 -1.933073 -0.141476
v 1.724273 -1.745473 -0.084593
v 1.724273 -1.745473 -0.084593
v 3.724238 -1.747652 -0.073029
v 3.724363 -1.935252 -0.129911
v 3.724238 -1.747652 -0.073029
v 1.724273 -1.745473 -0.084593
v 1.723927 -1.572574 0.007794
v 1.723927 -1.572574 0.007794
v 3.723892 -1.574753 0.019359
v 3.724238 -1.747652 -0.073029
v 3.723892 -1.574753 0.019359
v 1.723927 -1.572574 0.007794
v 1.723373 -1.421022 0.132137
v 1.723373 -1.421022 0.132137
v 3.723338 -1.423201 0.143702
v 3.723892 -1.574753 0.019359
v 3.723338 -1.423201 0.143702
v 1.723373 -1.421022 0.132137
v 1.722632 -1.296640 0.283656
v 1.722632 -1.296640 0.283656
v 3.722598 -1.298819 0.295221
v 3.723338 -1.423201 0.143702
v 3.722598 -1.298819 0.295221
v 1.722632 -1.296640 0.283656
v 1.721733 -1.204208 0.456529
v 1.721733 -1.204208 0.456529
v 3.721699 -1.206388 0.468094
v 3.722598 -1.298819 0.295221
v 1.718455 -1.147230 1.034285
v 1.716207 -1.296500 1.394777
v 1.717308 -1.204112 1.221882
v 1.714311 -1.572364 1.670705
v 1.715196 -1.420843 1.546326
v 1.716207 -1.296500 1.394777
v 1.713055 -1.932825 1.820062
v 1.713588 -1.745239 1.763134
v 1.714311 -1.572364 1.670705
v 1.712629 -2.323005 1.820109
v 1.712731 -2.127912 1.839300
v 1.713055 -1.932825 1.820062
v 1.713100 -2.683504 1.670839
v 1.712754 -2.510605 1.763227
v 1.712629 -2.323005 1.820109
v 1.714394 -2.959438 1.394978
v 1.713654 -2.835056 1.546497
v 1.713100 -2.683504 1.670839
v 1.716316 -3.108799 1.034522
v 1.715293 -3.051870 1.222105
v 1.714394 -2.959438 1.394978
v 1.718572 -3.108849 0.644347
v 1.717423 -3.128039 0.839437
v 1.716316 -3.108799 1.034522
v 1.720819 -2.959579 0.283855
v 1.719719 -3.051967 0.456751
v 1.718572 -3.108849 0.644347
v 1.722715 -2.683714 0.007927
v 1.721831 -2.835235 0.132306
v 1.720819 -2.959579 0.283855
v 1.723972 -2.323253 -0.141429
v 1.723438 -2.510839 -0.084502
v 1.722715 -2.683714 0.007927
v 1.724397 -1.933073 -0.141476
v 1.724296 -2.128165 -0.160667
v 1.723972 -2.323253 -0.141429
v 1.723927 -1.572574 0.007794
v 1.724273 -1.745473 -0.084593
v 1.724397 -1.933073 -0.141476
v 1.722632 -1.296640 0.283656
v 1.723373 -1.421022 0.132137
v 1.723927 -1.572574 0.007794
v 1.720711 -1.147279 0.644112
v 1.721733 -1.204208 0.456529
v 1.722632 -1.296640 0.283656
v 1.718455 -1.147230 1.034285
v 1.719604 -1.128040 0.839196
v 1.720711 -1.147279 0.644112
v 1.718455 -1.147230 1.034285
v 1.714311 -1.572364 1.670705
v 1.716207 -1.296500 1.394777
v 1.712629 -2.323005 1.820109
v 1.713055 -1.932825 1.820062
v 1.714311 -1.572364 1.670705
v 1.714394 -2.959438 1.394978
v 1.713100 -2.683504 1.670839
v 1.712629 -2.323005 1.820109
v 1.718572 -3.108849 0.644347
v 1.716316 -3.108799 1.034522
v 1.714394 -2.959438 1.394978
v 1.722715 -2.683714 0.007927
v 1.720819 -2.959579 0.283855
v 1.718572 -3.108849 0.644347
v 1.724397 -1.933073 -0.141476
v 1.723972 -2.323253 -0.141429
v 1.722715 -2.683714 0.007927
v 1.722632 -1.296640 0.283656
v 1.723927 -1.572574 0.007794
v 1.724397 -1.933073 -0.141476
v 1.718455 -1.147230 1.034285
v 1.720711 -1.147279 0.644112
v 1.722632 -1.296640 0.283656
v 1.718455 -1.147230 1.034285
v 1.712629 -2.323005 1.820109
v 1.714311 -1.572364 1.670705
v 1.718572 -3.108849 0.644347
v 1.714394 -2.959438 1.394978
v 1.712629 -2.323005 1.820109
v 1.724397 -1.933073 -0.141476
v 1.722715 -2.683714 0.007927
v 1.718572 -3.108849 0.644347
v 1.718455 -1.147230 1.034285
v 1.722632 -1.296640 0.283656
v 1.724397 -1.933073 -0.141476
v 1.718455 -1.147230 1.034285
v 1.718572 -3.108849 0.644347
v 1.712629 -2.323005 1.820109
v 1.718455 -1.147230 1.034285
v 1.724397 -1.933073 -0.141476
v 1.718572 -3.108849 0.644347
v 1.719604 -1.128040 0.839196
v 3.719569 -1.130219 0.850761
v 3.720676 -1.149458 0.655677
v 3.720676 -1.149458 0.655677
v 1.720711 -1.147279 0.644112
v 1.719604 -1.128040 0.839196
v 3.721699 -1.206388 0.468094
v 1.721733 -1.204208 0.456529
v 1.720711 -1.147279 0.644112
v 1.720711 -1.147279 0.644112
v 3.720676 -1.149458 0.655677
v 3.721699 -1.206388 0.468094
v 3.723937 -2.325432 -0.129864
v 3.724261 -2.130345 -0.149102
v 2.516094 -2.129028 -0.156088
v 2.516094 -2.129028 -0.156088
v 2.515771 -2.324116 -0.136850
v 3.723937 -2.325432 -0.129864
v 2.514431 -1.297503 0.288235
v 2.513532 -1.205071 0.461108
v 2.513532 -1.205071 0.461108
v 2.513532 -1.205071 0.461108
v 2.514431 -1.297503 0.288235
v 2.514431 -1.297503 0.288235
v 3.718420 -1.149409 1.045850
v 3.717273 -1.206291 1.233447
v 2.509107 -1.204975 1.226460
v 2.509107 -1.204975 1.226460
v 2.510253 -1.148093 1.038864
v 3.718420 -1.149409 1.045850
v 3.713619 -2.837235 1.558062
v 3.714360 -2.961617 1.406543
v 2.506193 -2.960301 1.399556
v 2.506193 -2.960301 1.399556
v 2.505453 -2.835919 1.551075
v 3.713619 -2.837235 1.558062
v 3.724238 -1.747652 -0.073029
v 3.723892 -1.574753 0.019359
v 2.515726 -1.573437 0.012373
v 2.515726 -1.573437 0.012373
v 2.516072 -1.746335 -0.080015
v 3.724238 -1.747652 -0.073029
v 3.715161 -1.423022 1.557891
v 3.714277 -1.574543 1.682270
v 2.506110 -1.573227 1.675284
v 2.506110 -1.573227 1.675284
v 2.506994 -1.421706 1.550905
v 3.715161 -1.423022 1.557891
v 3.716281 -3.110978 1.046087
v 3.717389 -3.130218 0.851002
v 2.509222 -3.128901 0.844015
v 2.509222 -3.128901 0.844015
v 2.508115 -3.109662 1.039100
v 3.716281 -3.110978 1.046087
v 3.722598 -1.298819 0.295221
v 3.721699 -1.206388 0.468094
v 2.513532 -1.205071 0.461108
v 2.513532 -1.205071 0.461108
v 2.514431 -1.297503 0.288235
v 3.722598 -1.298819 0.295221
v 3.719684 -3.054146 0.468315
v 3.720785 -2.961758 0.295420
v 2.512618 -2.960442 0.288434
v 2.512618 -2.960442 0.288434
v 2.511518 -3.052830 0.461329
v 3.719684 -3.054146 0.468315
v 3.719569 -1.130219 0.850761
v 3.718420 -1.149409 1.045850
v 2.510253 -1.148093 1.038864
v 2.510253 -1.148093 1.038864
v 2.511402 -1.128903 0.843774
v 3.719569 -1.130219 0.850761
v 3.713020 -1.935004 1.831627
v 3.712697 -2.130091 1.850865
v 2.504530 -2.128775 1.843878
v 2.504530 -2.128775 1.843878
v 2.504854 -1.933687 1.824640
v 3.713020 -1.935004 1.831627
v 3.722681 -2.685893 0.019492
v 3.723404 -2.513018 -0.072937
v 2.515237 -2.511702 -0.079923
v 2.515237 -2.511702 -0.079923
v 2.514514 -2.684577 0.012506
v 3.722681 -2.685893 0.019492
v 3.712719 -2.512784 1.774792
v 3.713065 -2.685683 1.682404
v 2.504899 -2.684366 1.675418
v 2.504899 -2.684366 1.675418
v 2.504553 -2.511468 1.767805
v 3.712719 -2.512784 1.774792
v 3.724261 -2.130345 -0.149102
v 3.724363 -1.935252 -0.129911
v 2.516196 -1.933936 -0.136897
v 2.516196 -1.933936 -0.136897
v 2.516094 -2.129028 -0.156088
v 3.724261 -2.130345 -0.149102
v 3.717273 -1.206291 1.233447
v 3.716173 -1.298679 1.406342
v 2.508006 -1.297362 1.399356
v 2.508006 -1.297362 1.399356
v 2.509107 -1.204975 1.226460
v 3.717273 -1.206291 1.233447
v 3.714360 -2.961617 1.406543
v 3.715259 -3.054049 1.233670
v 2.507092 -3.052733 1.226683
v 2.507092 -3.052733 1.226683
v 2.506193 -2.960301 1.399556
v 3.714360 -2.961617 1.406543
v 3.723892 -1.574753 0.019359
v 3.723338 -1.423201 0.143702
v 2.515172 -1.421885 0.136716
v 2.515172 -1.421885 0.136716
v 2.515726 -1.573437 0.012373
v 3.723892 -1.574753 0.019359
v 3.717389 -3.130218 0.851002
v 3.718538 -3.111028 0.655912
v 2.510371 -3.109712 0.648926
v 2.510371 -3.109712 0.648926
v 2.509222 -3.128901 0.844015
v 3.717389 -3.130218 0.851002
v 3.714277 -1.574543 1.682270
v 3.713554 -1.747418 1.774699
v 2.505387 -1.746101 1.767713
v 2.505387 -1.746101 1.767713
v 2.506110 -1.573227 1.675284
v 3.714277 -1.574543 1.682270
v 3.721699 -1.206388 0.468094
v 3.720676 -1.149458 0.655677
v 2.512510 -1.148142 0.648691
v 2.512510 -1.148142 0.648691
v 2.513532 -1.205071 0.461108
v 3.721699 -1.206388 0.468094
v 3.720785 -2.961758 0.295420
v 3.721797 -2.837414 0.143871
v 2.513630 -2.836098 0.136885
v 2.513630 -2.836098 0.136885
v 2.512618 -2.960442 0.288434
v 3.720785 -2.961758 0.295420
v 3.712697 -2.130091 1.850865
v 3.712595 -2.325184 1.831674
v 2.504428 -2.323868 1.824687
v 2.504428 -2.323868 1.824687
v 2.504530 -2.128775 1.843878
v 3.712697 -2.130091 1.850865
v 3.723404 -2.513018 -0.072937
v 3.723937 -2.325432 -0.129864
v 2.515771 -2.324116 -0.136850
v 2.515771 -2.324116 -0.136850
v 2.515237 -2.511702 -0.079923
v 3.723404 -2.513018 -0.072937
v 3.713065 -2.685683 1.682404
v 3.713619 -2.837235 1.558062
v 2.505453 -2.835919 1.551075
v 2.505453 -2.835919 1.551075
v 2.504899 -2.684366 1.675418
v 3.713065 -2.685683 1.682404
v 3.724363 -1.935252 -0.129911
v 3.724238 -1.747652 -0.073029
v 2.516072 -1.746335 -0.080015
v 2.516072 -1.746335 -0.080015
v 2.516196 -1.933936 -0.136897
v 3.724363 -1.935252 -0.129911
v 3.716173 -1.298679 1.406342
v 3.715161 -1.423022 1.557891
v 2.506994 -1.421706 1.550905
v 2.506994 -1.421706 1.550905
v 2.508006 -1.297362 1.399356
v 3.716173 -1.298679 1.406342
v 3.715259 -3.054049 1.233670
v 3.716281 -3.110978 1.046087
v 2.508115 -3.109662 1.039100
v 2.508115 -3.109662 1.039100
v 2.507092 -3.052733 1.226683
v 3.715259 -3.054049 1.233670
v 3.723338 -1.423201 0.143702
v 3.722598 -1.298819 0.295221
v 2.514431 -1.297503 0.288235
v 2.514431 -1.297503 0.288235
v 2.515172 -1.421885 0.136716
v 3.723338 -1.423201 0.143702
v 3.718538 -3.111028 0.655912
v 3.719684 -3.054146 0.468315
v 2.511518 -3.052830 0.461329
v 2.511518 -3.052830 0.461329
v 2.510371 -3.109712 0.648926
v 3.718538 -3.111028 0.655912
v 3.713554 -1.747418 1.774699
v 3.713020 -1.935004 1.831627
v 2.504854 -1.933687 1.824640
v 2.504854 -1.933687 1.824640
v 2.505387 -1.746101 1.767713
v 3.713554 -1.747418 1.774699
v 3.720676 -1.149458 0.655677
v 3.719569 -1.130219 0.850761
v 2.511402 -1.128903 0.843774
v 2.511402 -1.128903 0.843774
v 2.512510 -1.148142 0.648691
v 3.720676 -1.149458 0.655677
v 3.721797 -2.837414 0.143871
v 3.722681 -2.685893 0.019492
v 2.514514 -2.684577 0.012506
v 2.514514 -2.684577 0.012506
v 2.513630 -2.836098 0.136885
v 3.721797 -2.837414 0.143871
v 3.712595 -2.325184 1.831674
v 3.712719 -2.512784 1.774792
v 2.504553 -2.511468 1.767805
v 2.504553 -2.511468 1.767805
v 2.504428 -2.323868 1.824687
v 3.712595 -2.325184 1.831674
v 2.511402 -1.128903 0.843774
v 2.513532 -1.205071 0.461108
v 2.512510 -1.148142 0.648691
v 2.515172 -1.421885 0.136716
v 2.514431 -1.297503 0.288235
v 2.513532 -1.205071 0.461108
v 2.516072 -1.746335 -0.080015
v 2.515726 -1.573437 0.012373
v 2.515172 -1.421885 0.136716
v 2.516094 -2.129028 -0.156088
v 2.516196 -1.933936 -0.136897
v 2.516072 -1.746335 -0.080015
v 2.515237 -2.511702 -0.079923
v 2.515771 -2.324116 -0.136850
v 2.516094 -2.129028 -0.156088
v 2.513630 -2.836098 0.136885
v 2.514514 -2.684577 0.012506
v 2.515237 -2.511702 -0.079923
v 2.511518 -3.052830 0.461329
v 2.512618 -2.960442 0.288434
v 2.513630 -2.836098 0.136885
v 2.509222 -3.128901 0.844015
v 2.510371 -3.109712 0.648926
v 2.511518 -3.052830 0.461329
v 2.507092 -3.052733 1.226683
v 2.508115 -3.109662 1.039100
v 2.509222 -3.128901 0.844015
v 2.505453 -2.835919 1.551075
v 2.506193 -2.960301 1.399556
v 2.507092 -3.052733 1.226683
v 2.504553 -2.511468 1.767805
v 2.504899 -2.684366 1.675418
v 2.505453 -2.835919 1.551075
v 2.504530 -2.128775 1.843878
v 2.504428 -2.323868 1.824687
v 2.504553 -2.511468 1.767805
v 2.505387 -1.746101 1.767713
v 2.504854 -1.933687 1.824640
v 2.504530 -2.128775 1.843878
v 2.506994 -1.421706 1.550905
v 2.506110 -1.573227 1.675284
v 2.505387 -1.746101 1.767713
v 2.509107 -1.204975 1.226460
v 2.508006 -1.297362 1.399356
v 2.506994 -1.421706 1.550905
v 2.511402 -1.128903 0.843774
v 2.510253 -1.148093 1.038864
v 2.509107 -1.204975 1.226460
v 2.511402 -1.128903 0.843774
v 2.515172 -1.421885 0.136716
v 2.513532 -1.205071 0.461108
v 2.516094 -2.129028 -0.156088
v 2.516072 -1.746335 -0.080015
v 2.515172 -1.421885 0.136716
v 2.513630 -2.836098 0.136885
v 2.515237 -2.511702 -0.079923
v 2.516094 -2.129028 -0.156088
v 2.509222 -3.128901 0.844015
v 2.511518 -3.052830 0.461329
v 2.513630 -2.836098 0.136885
v 2.505453 -2.835919 1.551075
v 2.507092 -3.052733 1.226683
v 2.509222 -3.128901 0.844015
v 2.504530 -2.128775 1.843878
v 2.504553 -2.511468 1.767805
v 2.505453 -2.835919 1.551075
v 2.506994 -1.421706 1.550905
v 2.505387 -1.746101 1.767713
v 2.504530 -2.128775 1.843878
v 2.511402 -1.128903 0.843774
v 2.509107 -1.204975 1.226460
v 2.506994 -1.421706 1.550905
v 2.511402 -1.128903 0.843774
v 2.516094 -2.129028 -0.156088
v 2.515172 -1.421885 0.136716
v 2.509222 -3.128901 0.844015
v 2.513630 -2.836098 0.136885
v 2.516094 -2.129028 -0.156088
v 2.504530 -2.128775 1.843878
v 2.505453 -2.835919 1.551075
v 2.509222 -3.128901 0.844015
v 2.511402 -1.128903 0.843774
v 2.506994 -1.421706 1.550905
v 2.504530 -2.128775 1.843878
v 2.511402 -1.128903 0.843774
v 2.509222 -3.128901 0.844015
v 2.516094 -2.129028 -0.156088
v 2.511402 -1.128903 0.843774
v 2.504530 -2.128775 1.843878
v 2.509222 -3.128901 0.844015
v 2.511518 -3.052830 0.461329
v 2.512618 -2.960442 0.288434
v 2.512618 -2.960442 0.288434
v 2.512618 -2.960442 0.288434
v 2.511518 -3.052830 0.461329
v 2.511518 -3.052830 0.461329
v 2.504854 -1.933687 1.824640
v 2.504530 -2.128775 1.843878
v 2.504530 -2.128775 1.843878
v 2.504530 -2.128775 1.843878
v 2.504854 -1.933687 1.824640
v 2.504854 -1.933687 1.824640
v 2.515726 -1.573437 0.012373
v 2.515172 -1.421885 0.136716
v 2.515172 -1.421885 0.136716
v 2.515172 -1.421885 0.136716
v 2.515726 -1.573437 0.012373
v 2.515726 -1.573437 0.012373
v 2.509222 -3.128901 0.844015
v 2.510371 -3.109712 0.648926
v 2.510371 -3.109712 0.648926
v 2.510371 -3.109712 0.648926
v 2.509222 -3.128901 0.844015
v 2.509222 -3.128901 0.844015
v 2.506110 -1.573227 1.675284
v 2.505387 -1.746101 1.767713
v 2.505387 -1.746101 1.767713
v 2.505387 -1.746101 1.767713
v 2.506110 -1.573227 1.675284
v 2.506110 -1.573227 1.675284
v 2.516196 -1.933936 -0.136897
v 2.516072 -1.746335 -0.080015
v 2.516072 -1.746335 -0.080015
v 2.516072 -1.746335 -0.080015
v 2.516196 -1.933936 -0.136897
v 2.516196 -1.933936 -0.136897
v 2.508006 -1.297362 1.399356
v 2.506994 -1.421706 1.550905
v 2.506994 -1.421706 1.550905
v 2.506994 -1.421706 1.550905
v 2.508006 -1.297362 1.399356
v 2.508006 -1.297362 1.399356
v 2.507092 -3.052733 1.226683
v 2.508115 -3.109662 1.039100
v 2.508115 -3.109662 1.039100
v 2.508115 -3.109662 1.039100
v 2.507092 -3.052733 1.226683
v 2.507092 -3.052733 1.226683
v 2.515771 -2.324116 -0.136850
v 2.516094 -2.129028 -0.156088
v 2.516094 -2.129028 -0.156088
v 2.516094 -2.129028 -0.156088
v 2.515771 -2.324116 -0.136850
v 2.515771 -2.324116 -0.136850
v 2.510253 -1.148093 1.038864
v 2.509107 -1.204975 1.226460
v 2.509107 -1.204975 1.226460
v 2.509107 -1.204975 1.226460
v 2.510253 -1.148093 1.038864
v 2.510253 -1.148093 1.038864
v 2.505453 -2.835919 1.551075
v 2.506193 -2.960301 1.399556
v 2.506193 -2.960301 1.399556
v 2.506193 -2.960301 1.399556
v 2.505453 -2.835919 1.551075
v 2.505453 -2.835919 1.551075
v 2.514514 -2.684577 0.012506
v 2.515237 -2.511702 -0.079923
v 2.515237 -2.511702 -0.079923
v 2.515237 -2.511702 -0.079923
v 2.514514 -2.684577 0.012506
v 2.514514 -2.684577 0.012506
v 2.504553 -2.511468 1.767805
v 2.504899 -2.684366 1.675418
v 2.504899 -2.684366 1.675418
v 2.504899 -2.684366 1.675418
v 2.504553 -2.511468 1.767805
v 2.504553 -2.511468 1.767805
v 2.513532 -1.205071 0.461108
v 2.512510 -1.148142 0.648691
v 2.512510 -1.148142 0.648691
v 2.512510 -1.148142 0.648691
v 2.513532 -1.205071 0.461108
v 2.513532 -1.205071 0.461108
v 2.512618 -2.960442 0.288434
v 2.513630 -2.836098 0.136885
v 2.513630 -2.836098 0.136885
v 2.513630 -2.836098 0.136885
v 2.512618 -2.960442 0.288434
v 2.512618 -2.960442 0.288434
v 2.504530 -2.128775 1.843878
v 2.504428 -2.323868 1.824687
v 2.504428 -2.323868 1.824687
v 2.504428 -2.323868 1.824687
v 2.504530 -2.128775 1.843878
v 2.504530 -2.128775 1.843878
v 2.515172 -1.421885 0.136716
v 2.514431 -1.297503 0.288235
v 2.514431 -1.297503 0.288235
v 2.514431 -1.297503 0.288235
v 2.515172 -1.421885 0.136716
v 2.515172 -1.421885 0.136716
v 2.510371 -3.109712 0.648926
v 2.511518 -3.052830 0.461329
v 2.511518 -3.052830 0.461329
v 2.511518 -3.052830 0.461329
v 2.510371 -3.109712 0.648926
v 2.510371 -3.109712 0.648926
v 2.505387 -1.746101 1.767713
v 2.504854 -1.933687 1.824640
v 2.504854 -1.933687 1.824640
v 2.504854 -1.933687 1.824640
v 2.505387 -1.746101 1.767713
v 2.505387 -1.746101 1.767713
v 2.516072 -1.746335 -0.080015
v 2.515726 -1.573437 0.012373
v 2.515726 -1.573437 0.012373
v 2.515726 -1.573437 0.012373
v 2.516072 -1.746335 -0.080015
v 2.516072 -1.746335 -0.080015
v 2.506994 -1.421706 1.550905
v 2.506110 -1.573227 1.675284
v 2.506110 -1.573227 1.675284
v 2.506110 -1.573227 1.675284
v 2.506994 -1.421706 1.550905
v 2.506994 -1.421706 1.550905
v 2.508115 -3.109662 1.039100
v 2.509222 -3.128901 0.844015
v 2.509222 -3.128901 0.844015
v 2.509222 -3.128901 0.844015
v 2.508115 -3.109662 1.039100
v 2.508115 -3.109662 1.039100
v 2.516094 -2.129028 -0.156088
v 2.516196 -1.933936 -0.136897
v 2.516196 -1.933936 -0.136897
v 2.516196 -1.933936 -0.136897
v 2.516094 -2.129028 -0.156088
v 2.516094 -2.129028 -0.156088
v 2.509107 -1.204975 1.226460
v 2.508006 -1.297362 1.399356
v 2.508006 -1.297362 1.399356
v 2.508006 -1.297362 1.399356
v 2.509107 -1.204975 1.226460
v 2.509107 -1.204975 1.226460
v 2.506193 -2.960301 1.399556
v 2.507092 -3.052733 1.226683
v 2.507092 -3.052733 1.226683
v 2.507092 -3.052733 1.226683
v 2.506193 -2.960301 1.399556
v 2.506193 -2.960301 1.399556
v 2.515237 -2.511702 -0.079923
v 2.515771 -2.324116 -0.136850
v 2.515771 -2.324116 -0.136850
v 2.515771 -2.324116 -0.136850
v 2.515237 -2.511702 -0.079923
v 2.515237 -2.511702 -0.079923
v 2.511402 -1.128903 0.843774
v 2.510253 -1.148093 1.038864
v 2.510253 -1.148093 1.038864
v 2.510253 -1.148093 1.038864
v 2.511402 -1.128903 0.843774
v 2.511402 -1.128903 0.843774
v 2.504899 -2.684366 1.675418
v 2.505453 -2.835919 1.551075
v 2.505453 -2.835919 1.551075
v 2.505453 -2.835919 1.551075
v 2.504899 -2.684366 1.675418
v 2.504899 -2.684366 1.675418
v 2.512510 -1.148142 0.648691
v 2.511402 -1.128903 0.843774
v 2.511402 -1.128903 0.843774
v 2.511402 -1.128903 0.843774
v 2.512510 -1.148142 0.648691
v 2.512510 -1.148142 0.648691
v 2.513630 -2.836098 0.136885
v 2.514514 -2.684577 0.012506
v 2.514514 -2.684577 0.012506
v 2.514514 -2.684577 0.012506
v 2.513630 -2.836098 0.136885
v 2.513630 -2.836098 0.136885
v 2.504428 -2.323868 1.824687
v 2.504553 -2.511468 1.767805
v 2.504553 -2.511468 1.767805
v 2.504553 -2.511468 1.767805
v 2.504428 -2.323868 1.824687
v 2.504428 -2.323868 1.824687
v 1.636962 3.086816 0.808925
v 3.636913 3.086816 0.822914
v 3.638277 3.067601 0.627828
v 3.638277 3.067601 0.627828
v 1.638327 3.067602 0.613839
v 1.636962 3.086816 0.808925
v 1.638327 3.067602 0.613839
v 3.638277 3.067601 0.627828
v 3.639590 3.010696 0.440240
v 3.639590 3.010696 0.440240
v 1.639639 3.010696 0.426251
v 1.638327 3.067602 0.613839
v 1.639639 3.010696 0.426251
v 3.639590 3.010696 0.440240
v 3.640799 2.918286 0.267357
v 3.640799 2.918286 0.267357
v 1.640848 2.918285 0.253368
v 1.639639 3.010696 0.426251
v 1.640848 2.918285 0.253368
v 3.640799 2.918286 0.267357
v 3.641859 2.793922 0.115824
v 3.641859 2.793922 0.115824
v 1.641908 2.793923 0.101835
v 1.640848 2.918285 0.253368
v 1.641908 2.793923 0.101835
v 3.641859 2.793922 0.115824
v 3.642729 2.642386 -0.008535
v 3.642729 2.642386 -0.008535
v 1.642778 2.642386 -0.022525
v 1.641908 2.793923 0.101835
v 1.642778 2.642386 -0.022525
v 3.642729 2.642386 -0.008535
v 3.643375 2.469499 -0.100943
v 3.643375 2.469499 -0.100943
v 1.643424 2.469499 -0.114932
v 1.642778 2.642386 -0.022525
v 1.643424 2.469499 -0.114932
v 3.643375 2.469499 -0.100943
v 3.643773 2.281905 -0.157847
v 3.643773 2.281905 -0.157847
v 1.643822 2.281906 -0.171837
v 1.643424 2.469499 -0.114932
v 1.643822 2.281906 -0.171837
v 3.643773 2.281905 -0.157847
v 3.643908 2.086816 -0.177062
v 3.643908 2.086816 -0.177062
v 1.643956 2.086816 -0.191051
v 1.643822 2.281906 -0.171837
v 1.643956 2.086816 -0.191051
v 3.643908 2.086816 -0.177062
v 3.643773 1.891725 -0.157847
v 3.643773 1.891725 -0.157847
v 1.643822 1.891725 -0.171837
v 1.643956 2.086816 -0.191051
v 1.643822 1.891725 -0.171837
v 3.643773 1.891725 -0.157847
v 3.643375 1.704133 -0.100943
v 3.643375 1.704133 -0.100943
v 1.643424 1.704133 -0.114932
v 1.643822 1.891725 -0.171837
v 1.643424 1.704133 -0.114932
v 3.643375 1.704133 -0.100943
v 3.642729 1.531246 -0.008535
v 3.642729 1.531246 -0.008535
v 1.642778 1.531246 -0.022525
v 1.643424 1.704133 -0.114932
v 1.642778 1.531246 -0.022525
v 3.642729 1.531246 -0.008535
v 3.641859 1.379709 0.115824
v 3.641859 1.379709 0.115824
v 1.641908 1.379709 0.101835
v 1.642778 1.531246 -0.022525
v 1.641908 1.379709 0.101835
v 3.641859 1.379709 0.115824
v 3.640799 1.255347 0.267357
v 3.640799 1.255347 0.267357
v 1.640848 1.255347 0.253368
v 1.641908 1.379709 0.101835
v 1.640848 1.255347 0.253368
v 3.640799 1.255347 0.267357
v 3.639590 1.162936 0.440240
v 3.639590 1.162936 0.440240
v 1.639639 1.162937 0.426251
v 1.640848 1.255347 0.253368
v 1.639639 1.162937 0.426251
v 3.639590 1.162936 0.440240
v 3.638277 1.106031 0.627829
v 3.638277 1.106031 0.627829
v 1.638326 1.106031 0.613839
v 1.639639 1.162937 0.426251
v 1.638326 1.106031 0.613839
v 3.638277 1.106031 0.627829
v 3.636913 1.086816 0.822914
v 3.636913 1.086816 0.822914
v 1.636962 1.086816 0.808925
v 1.638326 1.106031 0.613839
v 1.636962 1.086816 0.808925
v 3.636913 1.086816 0.822914
v 3.635548 1.106031 1.018000
v 3.635548 1.106031 1.018000
v 1.635597 1.106031 1.004011
v 1.636962 1.086816 0.808925
v 1.635597 1.106031 1.004011
v 3.635548 1.106031 1.018000
v 3.634236 1.162937 1.205588
v 3.634236 1.162937 1.205588
v 1.634285 1.162937 1.191599
v 1.635597 1.106031 1.004011
v 1.634285 1.162937 1.191599
v 3.634236 1.162937 1.205588
v 3.633027 1.255347 1.378471
v 3.633027 1.255347 1.378471
v 1.633076 1.255347 1.364482
v 1.634285 1.162937 1.191599
v 1.633076 1.255347 1.364482
v 3.633027 1.255347 1.378471
v 3.631967 1.379709 1.530004
v 3.631967 1.379709 1.530004
v 1.632016 1.379710 1.516015
v 1.633076 1.255347 1.364482
v 1.632016 1.379710 1.516015
v 3.631967 1.379709 1.530004
v 3.631097 1.531247 1.654364
v 3.631097 1.531247 1.654364
v 1.631146 1.531247 1.640375
v 1.632016 1.379710 1.516015
v 1.631146 1.531247 1.640375
v 3.631097 1.531247 1.654364
v 3.630451 1.704133 1.746771
v 3.630451 1.704133 1.746771
v 1.630500 1.704133 1.732782
v 1.631146 1.531247 1.640375
v 1.630500 1.704133 1.732782
v 3.630451 1.704133 1.746771
v 3.630053 1.891727 1.803675
v 3.630053 1.891727 1.803675
v 1.630102 1.891726 1.789686
v 1.630500 1.704133 1.732782
v 1.630102 1.891726 1.789686
v 3.630053 1.891727 1.803675
v 3.629918 2.086817 1.822890
v 3.629918 2.086817 1.822890
v 1.629967 2.086817 1.808900
v 1.630102 1.891726 1.789686
v 1.629967 2.086817 1.808900
v 3.629918 2.086817 1.822890
v 3.630053 2.281907 1.803675
v 3.630053 2.281907 1.803675
v 1.630102 2.281907 1.789686
v 1.629967 2.086817 1.808900
v 1.630102 2.281907 1.789686
v 3.630053 2.281907 1.803675
v 3.630450 2.469501 1.746771
v 3.630450 2.469501 1.746771
v 1.630500 2.469500 1.732781
v 1.630102 2.281907 1.789686
v 1.630500 2.469500 1.732781
v 3.630450 2.469501 1.746771
v 3.631097 2.642386 1.654363
v 3.631097 2.642386 1.654363
v 1.631146 2.642387 1.640373
v 1.630500 2.469500 1.732781
v 1.631146 2.642387 1.640373
v 3.631097 2.642386 1.654363
v 3.631967 2.793924 1.530003
v 3.631967 2.793924 1.530003
v 1.632016 2.793924 1.516013
v 1.631146 2.642387 1.640373
v 1.632016 2.793924 1.516013
v 3.631967 2.793924 1.530003
v 3.633027 2.918286 1.378469
v 3.633027 2.918286 1.378469
v 1.633076 2.918287 1.364480
v 1.632016 2.793924 1.516013
v 1.633076 2.918287 1.364480
v 3.633027 2.918286 1.378469
v 3.634236 3.010696 1.205587
v 3.634236 3.010696 1.205587
v 1.634285 3.010697 1.191597
v 1.633076 2.918287 1.364480
v 3.636913 3.086816 0.822914
v 3.635548 3.067602 1.017998
v 2.441444 3.067602 1.009645
v 2.441444 3.067602 1.009645
v 2.442809 3.086816 0.814561
v 3.636913 3.086816 0.822914
v 1.635597 3.067601 1.004009
v 3.635548 3.067602 1.017998
v 3.636913 3.086816 0.822914
v 3.636913 3.086816 0.822914
v 1.636962 3.086816 0.808925
v 1.635597 3.067601 1.004009
v 1.634285 3.010697 1.191597
v 3.634236 3.010696 1.205587
v 3.635548 3.067602 1.017998
v 3.635548 3.067602 1.017998
v 1.635597 3.067601 1.004009
v 1.634285 3.010697 1.191597
v 1.636962 3.086816 0.808925
v 1.634285 3.010697 1.191597
v 1.635597 3.067601 1.004009
v 1.632016 2.793924 1.516013
v 1.633076 2.918287 1.364480
v 1.634285 3.010697 1.191597
v 1.630500 2.469500 1.732781
v 1.631146 2.642387 1.640373
v 1.632016 2.793924 1.516013
v 1.629967 2.086817 1.808900
v 1.630102 2.281907 1.789686
v 1.630500 2.469500 1.732781
v 1.630500 1.704133 1.732782
v 1.630102 1.891726 1.789686
v 1.629967 2.086817 1.808900
v 1.632016 1.379710 1.516015
v 1.631146 1.531247 1.640375
v 1.630500 1.704133 1.732782
v 1.634285 1.162937 1.191599
v 1.633076 1.255347 1.364482
v 1.632016 1.379710 1.516015
v 1.636962 1.086816 0.808925
v 1.635597 1.106031 1.004011
v 1.634285 1.162937 1.191599
v 1.639639 1.162937 0.426251
v 1.638326 1.106031 0.613839
v 1.636962 1.086816 0.808925
v 1.641908 1.379709 0.101835
v 1.640848 1.255347 0.253368
v 1.639639 1.162937 0.426251
v 1.643424 1.704133 -0.114932
v 1.642778 1.531246 -0.022525
v 1.641908 1.379709 0.101835
v 1.643956 2.086816 -0.191051
v 1.643822 1.891725 -0.171837
v 1.643424 1.704133 -0.114932
v 1.643424 2.469499 -0.114932
v 1.643822 2.281906 -0.171837
v 1.643956 2.086816 -0.191051
v 1.641908 2.793923 0.101835
v 1.642778 2.642386 -0.022525
v 1.643424 2.469499 -0.114932
v 1.639639 3.010696 0.426251
v 1.640848 2.918285 0.253368
v 1.641908 2.793923 0.101835
v 1.636962 3.086816 0.808925
v 1.638327 3.067602 0.613839
v 1.639639 3.010696 0.426251
v 1.636962 3.086816 0.808925
v 1.632016 2.793924 1.516013
v 1.634285 3.010697 1.191597
v 1.629967 2.086817 1.808900
v 1.630500 2.469500 1.732781
v 1.632016 2.793924 1.516013
v 1.632016 1.379710 1.516015
v 1.630500 1.704133 1.732782
v 1.629967 2.086817 1.808900
v 1.636962 1.086816 0.808925
v 1.634285 1.162937 1.191599
v 1.632016 1.379710 1.516015
v 1.641908 1.379709 0.101835
v 1.639639 1.162937 0.426251
v 1.636962 1.086816 0.808925
v 1.643956 2.086816 -0.191051
v 1.643424 1.704133 -0.114932
v 1.641908 1.379709 0.101835
v 1.641908 2.793923 0.101835
v 1.643424 2.469499 -0.114932
v 1.643956 2.086816 -0.191051
v 1.636962 3.086816 0.808925
v 1.639639 3.010696 0.426251
v 1.641908 2.793923 0.101835
v 1.636962 3.086816 0.808925
v 1.629967 2.086817 1.808900
v 1.632016 2.793924 1.516013
v 1.636962 1.086816 0.808925
v 1.632016 1.379710 1.516015
v 1.629967 2.086817 1.808900
v 1.643956 2.086816 -0.191051
v 1.641908 1.379709 0.101835
v 1.636962 1.086816 0.808925
v 1.636962 3.086816 0.808925
v 1.641908 2.793923 0.101835
v 1.643956 2.086816 -0.191051
v 1.636962 3.086816 0.808925
v 1.636962 1.086816 0.808925
v 1.629967 2.086817 1.808900
v 1.636962 3.086816 0.808925
v 1.643956 2.086816 -0.191051
v 1.636962 1.086816 0.808925
v 2.436347 1.704133 1.738419
v 2.436993 1.531246 1.646011
v 2.436993 1.531246 1.646011
v 2.436993 1.531246 1.646011
v 2.436347 1.704133 1.738419
v 2.436347 1.704133 1.738419
v 3.631097 1.531247 1.654364
v 3.631967 1.379709 1.530004
v 2.437863 1.379709 1.521651
v 2.437863 1.379709 1.521651
v 2.436993 1.531246 1.646011
v 3.631097 1.531247 1.654364
v 3.643375 1.704133 -0.100943
v 3.643773 1.891725 -0.157847
v 2.449669 1.891726 -0.166200
v 2.449669 1.891726 -0.166200
v 2.449271 1.704133 -0.109296
v 3.643375 1.704133 -0.100943
v 3.629918 2.086817 1.822890
v 3.630053 1.891727 1.803675
v 2.435949 1.891727 1.795323
v 2.435949 1.891727 1.795323
v 2.435814 2.086817 1.814537
v 3.629918 2.086817 1.822890
v 3.639590 3.010696 0.440240
v 3.638277 3.067601 0.627828
v 2.444174 3.067602 0.619476
v 2.444174 3.067602 0.619476
v 2.445486 3.010696 0.431887
v 3.639590 3.010696 0.440240
v 3.640799 1.255347 0.267357
v 3.641859 1.379709 0.115824
v 2.447755 1.379709 0.107472
v 2.447755 1.379709 0.107472
v 2.446695 1.255347 0.259005
v 3.640799 1.255347 0.267357
v 3.631097 2.642386 1.654363
v 3.630450 2.469501 1.746771
v 2.436347 2.469501 1.738418
v 2.436347 2.469501 1.738418
v 2.436993 2.642387 1.646010
v 3.631097 2.642386 1.654363
v 3.642729 2.642386 -0.008535
v 3.641859 2.793922 0.115824
v 2.447755 2.793922 0.107472
v 2.447755 2.793922 0.107472
v 2.448625 2.642386 -0.016888
v 3.642729 2.642386 -0.008535
v 3.636913 1.086816 0.822914
v 3.638277 1.106031 0.627829
v 2.444174 1.106031 0.619476
v 2.444174 1.106031 0.619476
v 2.442809 1.086816 0.814562
v 3.636913 1.086816 0.822914
v 3.634236 3.010696 1.205587
v 3.633027 2.918286 1.378469
v 2.438923 2.918286 1.370117
v 2.438923 2.918286 1.370117
v 2.440132 3.010696 1.197234
v 3.634236 3.010696 1.205587
v 3.633027 1.255347 1.378471
v 3.634236 1.162937 1.205588
v 2.440132 1.162937 1.197236
v 2.440132 1.162937 1.197236
v 2.438923 1.255347 1.370118
v 3.633027 1.255347 1.378471
v 3.638277 3.067601 0.627828
v 3.636913 3.086816 0.822914
v 2.442809 3.086816 0.814561
v 2.442809 3.086816 0.814561
v 2.444174 3.067602 0.619476
v 3.638277 3.067601 0.627828
v 3.643908 2.086816 -0.177062
v 3.643773 2.281905 -0.157847
v 2.449669 2.281906 -0.166200
v 2.449669 2.281906 -0.166200
v 2.449804 2.086816 -0.185414
v 3.643908 2.086816 -0.177062
v 3.630451 1.704133 1.746771
v 3.631097 1.531247 1.654364
v 2.436993 1.531246 1.646011
v 2.436993 1.531246 1.646011
v 2.436347 1.704133 1.738419
v 3.630451 1.704133 1.746771
v 3.642729 1.531246 -0.008535
v 3.643375 1.704133 -0.100943
v 2.449271 1.704133 -0.109296
v 2.449271 1.704133 -0.109296
v 2.448625 1.531246 -0.016888
v 3.642729 1.531246 -0.008535
v 3.630053 2.281907 1.803675
v 3.629918 2.086817 1.822890
v 2.435814 2.086817 1.814537
v 2.435814 2.086817 1.814537
v 2.435949 2.281908 1.795323
v 3.630053 2.281907 1.803675
v 3.640799 2.918286 0.267357
v 3.639590 3.010696 0.440240
v 2.445486 3.010696 0.431887
v 2.445486 3.010696 0.431887
v 2.446695 2.918286 0.259005
v 3.640799 2.918286 0.267357
v 3.639590 1.162936 0.440240
v 3.640799 1.255347 0.267357
v 2.446695 1.255347 0.259005
v 2.446695 1.255347 0.259005
v 2.445486 1.162936 0.431887
v 3.639590 1.162936 0.440240
v 3.631967 2.793924 1.530003
v 3.631097 2.642386 1.654363
v 2.436993 2.642387 1.646010
v 2.436993 2.642387 1.646010
v 2.437863 2.793924 1.521650
v 3.631967 2.793924 1.530003
v 3.635548 1.106031 1.018000
v 3.636913 1.086816 0.822914
v 2.442809 1.086816 0.814562
v 2.442809 1.086816 0.814562
v 2.441444 1.106031 1.009647
v 3.635548 1.106031 1.018000
v 3.643375 2.469499 -0.100943
v 3.642729 2.642386 -0.008535
v 2.448625 2.642386 -0.016888
v 2.448625 2.642386 -0.016888
v 2.449271 2.469499 -0.109296
v 3.643375 2.469499 -0.100943
v 3.635548 3.067602 1.017998
v 3.634236 3.010696 1.205587
v 2.440132 3.010696 1.197234
v 2.440132 3.010696 1.197234
v 2.441444 3.067602 1.009645
v 3.635548 3.067602 1.017998
v 3.631967 1.379709 1.530004
v 3.633027 1.255347 1.378471
v 2.438923 1.255347 1.370118
v 2.438923 1.255347 1.370118
v 2.437863 1.379709 1.521651
v 3.631967 1.379709 1.530004
v 3.643773 1.891725 -0.157847
v 3.643908 2.086816 -0.177062
v 2.449804 2.086816 -0.185414
v 2.449804 2.086816 -0.185414
v 2.449669 1.891726 -0.166200
v 3.643773 1.891725 -0.157847
v 3.630053 1.891727 1.803675
v 3.630451 1.704133 1.746771
v 2.436347 1.704133 1.738419
v 2.436347 1.704133 1.738419
v 2.435949 1.891727 1.795323
v 3.630053 1.891727 1.803675
v 3.641859 1.379709 0.115824
v 3.642729 1.531246 -0.008535
v 2.448625 1.531246 -0.016888
v 2.448625 1.531246 -0.016888
v 2.447755 1.379709 0.107472
v 3.641859 1.379709 0.115824
v 3.630450 2.469501 1.746771
v 3.630053 2.281907 1.803675
v 2.435949 2.281908 1.795323
v 2.435949 2.281908 1.795323
v 2.436347 2.469501 1.738418
v 3.630450 2.469501 1.746771
v 3.641859 2.793922 0.115824
v 3.640799 2.918286 0.267357
v 2.446695 2.918286 0.259005
v 2.446695 2.918286 0.259005
v 2.447755 2.793922 0.107472
v 3.641859 2.793922 0.115824
v 3.638277 1.106031 0.627829
v 3.639590 1.162936 0.440240
v 2.445486 1.162936 0.431887
v 2.445486 1.162936 0.431887
v 2.444174 1.106031 0.619476
v 3.638277 1.106031 0.627829
v 3.633027 2.918286 1.378469
v 3.631967 2.793924 1.530003
v 2.437863 2.793924 1.521650
v 2.437863 2.793924 1.521650
v 2.438923 2.918286 1.370117
v 3.633027 2.918286 1.378469
v 3.634236 1.162937 1.205588
v 3.635548 1.106031 1.018000
v 2.441444 1.106031 1.009647
v 2.441444 1.106031 1.009647
v 2.440132 1.162937 1.197236
v 3.634236 1.162937 1.205588
v 3.643773 2.281905 -0.157847
v 3.643375 2.469499 -0.100943
v 2.449271 2.469499 -0.109296
v 2.449271 2.469499 -0.109296
v 2.449669 2.281906 -0.166200
v 3.643773 2.281905 -0.157847
v 2.444174 3.067602 0.619476
v 2.446695 2.918286 0.259005
v 2.445486 3.010696 0.431887
v 2.448625 2.642386 -0.016888
v 2.447755 2.793922 0.107472
v 2.446695 2.918286 0.259005
v 2.449669 2.281906 -0.166200
v 2.449271 2.469499 -0.109296
v 2.448625 2.642386 -0.016888
v 2.449669 1.891726 -0.166200
v 2.449804 2.086816 -0.185414
v 2.449669 2.281906 -0.166200
v 2.448625 1.531246 -0.016888
v 2.449271 1.704133 -0.109296
v 2.449669 1.891726 -0.166200
v 2.446695 1.255347 0.259005
v 2.447755 1.379709 0.107472
v 2.448625 1.531246 -0.016888
v 2.444174 1.106031 0.619476
v 2.445486 1.162936 0.431887
v 2.446695 1.255347 0.259005
v 2.441444 1.106031 1.009647
v 2.442809 1.086816 0.814562
v 2.444174 1.106031 0.619476
v 2.438923 1.255347 1.370118
v 2.440132 1.162937 1.197236
v 2.441444 1.106031 1.009647
v 2.436993 1.531246 1.646011
v 2.437863 1.379709 1.521651
v 2.438923 1.255347 1.370118
v 2.435949 1.891727 1.795323
v 2.436347 1.704133 1.738419
v 2.436993 1.531246 1.646011
v 2.435949 2.281908 1.795323
v 2.435814 2.086817 1.814537
v 2.435949 1.891727 1.795323
v 2.436993 2.642387 1.646010
v 2.436347 2.469501 1.738418
v 2.435949 2.281908 1.795323
v 2.438923 2.918286 1.370117
v 2.437863 2.793924 1.521650
v 2.436993 2.642387 1.646010
v 2.441444 3.067602 1.009645
v 2.440132 3.010696 1.197234
v 2.438923 2.918286 1.370117
v 2.444174 3.067602 0.619476
v 2.442809 3.086816 0.814561
v 2.441444 3.067602 1.009645
v 2.444174 3.067602 0.619476
v 2.448625 2.642386 -0.016888
v 2.446695 2.918286 0.259005
v 2.449669 1.891726 -0.166200
v 2.449669 2.281906 -0.166200
v 2.448625 2.642386 -0.016888
v 2.446695 1.255347 0.259005
v 2.448625 1.531246 -0.016888
v 2.449669 1.891726 -0.166200
v 2.441444 1.106031 1.009647
v 2.444174 1.106031 0.619476
v 2.446695 1.255347 0.259005
v 2.436993 1.531246 1.646011
v 2.438923 1.255347 1.370118
v 2.441444 1.106031 1.009647
v 2.435949 2.281908 1.795323
v 2.435949 1.891727 1.795323
v 2.436993 1.531246 1.646011
v 2.438923 2.918286 1.370117
v 2.436993 2.642387 1.646010
v 2.435949 2.281908 1.795323
v 2.444174 3.067602 0.619476
v 2.441444 3.067602 1.009645
v 2.438923 2.918286 1.370117
v 2.444174 3.067602 0.619476
v 2.449669 1.891726 -0.166200
v 2.448625 2.642386 -0.016888
v 2.441444 1.106031 1.009647
v 2.446695 1.255347 0.259005
v 2.449669 1.891726 -0.166200
v 2.435949 2.281908 1.795323
v 2.436993 1.531246 1.646011
v 2.441444 1.106031 1.009647
v 2.444174 3.067602 0.619476
v 2.438923 2.918286 1.370117
v 2.435949 2.281908 1.795323
v 2.444174 3.067602 0.619476
v 2.441444 1.106031 1.009647
v 2.449669 1.891726 -0.166200
v 2.444174 3.067602 0.619476
v 2.435949 2.281908 1.795323
v 2.441444 1.106031 1.009647
v 2.448625 1.531246 -0.016888
v 2.449271 1.704133 -0.109296
v 2.449271 1.704133 -0.109296
v 2.449271 1.704133 -0.109296
v 2.448625 1.531246 -0.016888
v 2.448625 1.531246 -0.016888
v 2.441444 3.067602 1.009645
v 2.440132 3.010696 1.197234
v 2.440132 3.010696 1.197234
v 2.440132 3.010696 1.197234
v 2.441444 3.067602 1.009645
v 2.441444 3.067602 1.009645
v 2.437863 1.379709 1.521651
v 2.438923 1.255347 1.370118
v 2.438923 1.255347 1.370118
v 2.438923 1.255347 1.370118
v 2.437863 1.379709 1.521651
v 2.437863 1.379709 1.521651
v 2.449669 1.891726 -0.166200
v 2.449804 2.086816 -0.185414
v 2.449804 2.086816 -0.185414
v 2.449804 2.086816 -0.185414
v 2.449669 1.891726 -0.166200
v 2.449669 1.891726 -0.166200
v 2.438923 2.918286 1.370117
v 2.437863 2.793924 1.521650
v 2.437863 2.793924 1.521650
v 2.437863 2.793924 1.521650
v 2.438923 2.918286 1.370117
v 2.438923 2.918286 1.370117
v 2.440132 1.162937 1.197236
v 2.441444 1.106031 1.009647
v 2.441444 1.106031 1.009647
v 2.441444 1.106031 1.009647
v 2.440132 1.162937 1.197236
v 2.440132 1.162937 1.197236
v 2.449669 2.281906 -0.166200
v 2.449271 2.469499 -0.109296
v 2.449271 2.469499 -0.109296
v 2.449271 2.469499 -0.109296
v 2.449669 2.281906 -0.166200
v 2.449669 2.281906 -0.166200
v 2.436993 2.642387 1.646010
v 2.436347 2.469501 1.738418
v 2.436347 2.469501 1.738418
v 2.436347 2.469501 1.738418
v 2.436993 2.642387 1.646010
v 2.436993 2.642387 1.646010
v 2.448625 2.642386 -0.016888
v 2.447755 2.793922 0.107472
v 2.447755 2.793922 0.107472
v 2.447755 2.793922 0.107472
v 2.448625 2.642386 -0.016888
v 2.448625 2.642386 -0.016888
v 2.442809 1.086816 0.814562
v 2.444174 1.106031 0.619476
v 2.444174 1.106031 0.619476
v 2.444174 1.106031 0.619476
v 2.442809 1.086816 0.814562
v 2.442809 1.086816 0.814562
v 2.435949 2.281908 1.795323
v 2.435814 2.086817 1.814537
v 2.435814 2.086817 1.814537
v 2.435814 2.086817 1.814537
v 2.435949 2.281908 1.795323
v 2.435949 2.281908 1.795323
v 2.446695 2.918286 0.259005
v 2.445486 3.010696 0.431887
v 2.445486 3.010696 0.431887
v 2.445486 3.010696 0.431887
v 2.446695 2.918286 0.259005
v 2.446695 2.918286 0.259005
v 2.445486 1.162936 0.431887
v 2.446695 1.255347 0.259005
v 2.446695 1.255347 0.259005
v 2.446695 1.255347 0.259005
v 2.445486 1.162936 0.431887
v 2.445486 1.162936 0.431887
v 2.435949 1.891727 1.795323
v 2.436347 1.704133 1.738419
v 2.436347 1.704133 1.738419
v 2.436347 1.704133 1.738419
v 2.435949 1.891727 1.795323
v 2.435949 1.891727 1.795323
v 2.444174 3.067602 0.619476
v 2.442809 3.086816 0.814561
v 2.442809 3.086816 0.814561
v 2.442809 3.086816 0.814561
v 2.444174 3.067602 0.619476
v 2.444174 3.067602 0.619476
v 2.447755 1.379709 0.107472
v 2.448625 1.531246 -0.016888
v 2.448625 1.531246 -0.016888
v 2.448625 1.531246 -0.016888
v 2.447755 1.379709 0.107472
v 2.447755 1.379709 0.107472
v 2.442809 3.086816 0.814561
v 2.441444 3.067602 1.009645
v 2.441444 3.067602 1.009645
v 2.441444 3.067602 1.009645
v 2.442809 3.086816 0.814561
v 2.442809 3.086816 0.814561
v 2.436993 1.531246 1.646011
v 2.437863 1.379709 1.521651
v 2.437863 1.379709 1.521651
v 2.437863 1.379709 1.521651
v 2.436993 1.531246 1.646011
v 2.436993 1.531246 1.646011
v 2.449271 1.704133 -0.109296
v 2.449669 1.891726 -0.166200
v 2.449669 1.891726 -0.166200
v 2.449669 1.891726 -0.166200
v 2.449271 1.704133 -0.109296
v 2.449271 1.704133 -0.109296
v 2.440132 3.010696 1.197234
v 2.438923 2.918286 1.370117
v 2.438923 2.918286 1.370117
v 2.438923 2.918286 1.370117
v 2.440132 3.010696 1.197234
v 2.440132 3.010696 1.197234
v 2.438923 1.255347 1.370118
v 2.440132 1.162937 1.197236
v 2.440132 1.162937 1.197236
v 2.440132 1.162937 1.197236
v 2.438923 1.255347 1.370118
v 2.438923 1.255347 1.370118
v 2.449804 2.086816 -0.185414
v 2.449669 2.281906 -0.166200
v 2.449669 2.281906 -0.166200
v 2.449669 2.281906 -0.166200
v 2.449804 2.086816 -0.185414
v 2.449804 2.086816 -0.185414
v 2.437863 2.793924 1.521650
v 2.436993 2.642387 1.646010
v 2.436993 2.642387 1.646010
v 2.436993 2.642387 1.646010
v 2.437863 2.793924 1.521650
v 2.437863 2.793924 1.521650
v 2.441444 1.106031 1.009647
v 2.442809 1.086816 0.814562
v 2.442809 1.086816 0.814562
v 2.442809 1.086816 0.814562
v 2.441444 1.106031 1.009647
v 2.441444 1.106031 1.009647
v 2.449271 2.469499 -0.109296
v 2.448625 2.642386 -0.016888
v 2.448625 2.642386 -0.016888
v 2.448625 2.642386 -0.016888
v 2.449271 2.469499 -0.109296
v 2.449271 2.469499 -0.109296
v 2.436347 2.469501 1.738418
v 2.435949 2.281908 1.795323
v 2.435949 2.281908 1.795323
v 2.435949 2.281908 1.795323
v 2.436347 2.469501 1.738418
v 2.436347 2.469501 1.738418
v 2.447755 2.793922 0.107472
v 2.446695 2.918286 0.259005
v 2.446695 2.918286 0.259005
v 2.446695 2.918286 0.259005
v 2.447755 2.793922 0.107472
v 2.447755 2.793922 0.107472
v 2.444174 1.106031 0.619476
v 2.445486 1.162936 0.431887
v 2.445486 1.162936 0.431887
v 2.445486 1.162936 0.431887
v 2.444174 1.106031 0.619476
v 2.444174 1.106031 0.619476
v 2.435814 2.086817 1.814537
v 2.435949 1.891727 1.795323
v 2.435949 1.891727 1.795323
v 2.435949 1.891727 1.795323
v 2.435814 2.086817 1.814537
v 2.435814 2.086817 1.814537
v 2.445486 3.010696 0.431887
v 2.444174 3.067602 0.619476
v 2.444174 3.067602 0.619476
v 2.444174 3.067602 0.619476
v 2.445486 3.010696 0.431887
v 2.445486 3.010696 0.431887
v 2.446695 1.255347 0.259005
v 2.447755 1.379709 0.107472
v 2.447755 1.379709 0.107472
v 2.447755 1.379709 0.107472
v 2.446695 1.255347 0.259005
v 2.446695 1.255347 0.259005
v 1.657642 3.073970 -0.196588
v 1.657642 1.073970 -0.196588
v 0.166062 1.172947 0.939267
v 0.166062 1.172947 0.939267
v 0.678744 2.511718 1.440101
v 1.657642 3.073970 -0.196588
v 1.642173 3.137458 1.901039
v 0.694986 3.114198 1.675265
v -3.518624 1.180586 1.917715
v -3.518624 1.180586 1.917715
v 1.657641 1.073969 1.803412
v 1.642173 3.137458 1.901039
v 1.657642 3.073970 -0.196588
v 1.642173 3.137458 1.901039
v 1.657641 1.073969 1.803412
v 1.657641 1.073969 1.803412
v 1.657642 1.073970 -0.196588
v 1.657642 3.073970 -0.196588
v 1.657642 1.073970 -0.196588
v 1.657641 1.073969 1.803412
v -3.518624 1.180586 1.917715
v -3.518624 1.180586 1.917715
v 0.166062 1.172947 0.939267
v 1.657642 1.073970 -0.196588
v 0.166062 1.172947 0.939267
v -3.518624 1.180586 1.917715
v 0.694986 3.114198 1.675265
v 0.694986 3.114198 1.675265
v 0.678744 2.511718 1.440101
v 0.166062 1.172947 0.939267
v 1.642173 3.137458 1.901039
v 1.657642 3.073970 -0.196588
v 0.678744 2.511718 1.440101
v 0.678744 2.511718 1.440101
v 0.694986 3.114198 1.675265
v 1.642173 3.137458 1.901039
v 0.730426 -3.121419 1.961095
v -3.396362 -1.233372 1.921888
v 0.049161 -1.132766 0.662517
v 0.049161 -1.132766 0.662517
v 0.892352 -2.536519 1.584961
v 0.730426 -3.121419 1.961095
v -3.396362 -1.233372 1.921888
v 1.784401 -1.113898 1.858669
v 1.784401 -1.113898 -0.141331
v 1.784401 -1.113898 -0.141331
v 0.049161 -1.132766 0.662517
v -3.396362 -1.233372 1.921888
v 1.784401 -1.113898 1.858669
v 1.784401 -3.113898 1.858669
v 1.784401 -3.113898 -0.141331
v 1.784401 -3.113898 -0.141331
v 1.784401 -1.113898 -0.141331
v 1.784401 -1.113898 1.858669
v 1.784401 -3.113898 1.858669
v 0.730426 -3.121419 1.961095
v 0.892352 -2.536519 1.584961
v 0.892352 -2.536519 1.584961
v 1.784401 -3.113898 -0.141331
v 1.784401 -3.113898 1.858669
v 0.892352 -2.536519 1.584961
v 0.049161 -1.132766 0.662517
v 1.784401 -1.113898 -0.141331
v 1.784401 -1.113898 -0.141331
v 1.784401 -3.113898 -0.141331
v 0.892352 -2.536519 1.584961
v 1.784401 -3.113898 1.858669
v 1.784401 -1.113898 1.858669
v -3.396362 -1.233372 1.921888
v -3.396362 -1.233372 1.921888
v 0.730426 -3.121419 1.961095
v 1.784401 -3.113898 1.858669
v 1.314223 0.901345 0.407770
v -0.732431 -0.056186 0.440765
v 1.283024 0.958250 0.592750
v 1.250577 0.977465 0.785122
v -0.732431 -0.056186 0.440765
v 1.218130 0.958250 0.977495
v 1.342977 0.808935 0.237291
v -0.732431 -0.056186 0.440765
v 1.314223 0.901345 0.407770
v 1.368180 0.684572 0.087864
v -0.732431 -0.056186 0.440765
v 1.342977 0.808935 0.237291
v 1.388864 0.533036 -0.034767
v -0.732431 -0.056186 0.440765
v 1.368180 0.684572 0.087864
v 1.404233 0.360149 -0.125890
v -0.732431 -0.056186 0.440765
v 1.388864 0.533036 -0.034767
v 1.413697 0.172556 -0.182003
v -0.732431 -0.056186 0.440765
v 1.404233 0.360149 -0.125890
v 1.416893 -0.022534 -0.200950
v -0.732431 -0.056186 0.440765
v 1.413697 0.172556 -0.182003
v 1.413698 -0.217625 -0.182004
v -0.732431 -0.056186 0.440765
v 1.416893 -0.022534 -0.200950
v 1.404233 -0.405218 -0.125890
v -0.732431 -0.056186 0.440765
v 1.413698 -0.217625 -0.182004
v 1.388864 -0.578105 -0.034768
v -0.732431 -0.056186 0.440765
v 1.404233 -0.405218 -0.125890
v 1.368181 -0.729641 0.087863
v -0.732431 -0.056186 0.440765
v 1.388864 -0.578105 -0.034768
v 1.342978 -0.854004 0.237289
v -0.732431 -0.056186 0.440765
v 1.368181 -0.729641 0.087863
v 1.314224 -0.946414 0.407768
v -0.732431 -0.056186 0.440765
v 1.342978 -0.854004 0.237289
v 1.283024 -1.003320 0.592749
v -0.732431 -0.056186 0.440765
v 1.314224 -0.946414 0.407768
v 1.250577 -1.022535 0.785122
v -0.732431 -0.056186 0.440765
v 1.283024 -1.003320 0.592749
v 1.218130 -1.003320 0.977495
v -0.732431 -0.056186 0.440765
v 1.250577 -1.022535 0.785122
v 1.186931 -0.946415 1.162476
v -0.732431 -0.056186 0.440765
v 1.218130 -1.003320 0.977495
v 1.158177 -0.854005 1.332955
v -0.732431 -0.056186 0.440765
v 1.186931 -0.946415 1.162476
v 1.132974 -0.729642 1.482381
v -0.732431 -0.056186 0.440765
v 1.158177 -0.854005 1.332955
v 1.112290 -0.578105 1.605012
v -0.732431 -0.056186 0.440765
v 1.132974 -0.729642 1.482381
v 1.086058 -0.438869 1.684409
v -0.732431 -0.056186 0.440765
v 1.112290 -0.578105 1.605012
v 1.076594 -0.251276 1.740522
v -0.732431 -0.056186 0.440765
v 1.086058 -0.438869 1.684409
v 1.084261 -0.022535 1.771195
v -0.732431 -0.056186 0.440765
v 1.076594 -0.251276 1.740522
v 1.087457 0.172555 1.752248
v -0.732431 -0.056186 0.440765
v 1.084261 -0.022535 1.771195
v 1.096921 0.360148 1.696134
v -0.732431 -0.056186 0.440765
v 1.087457 0.172555 1.752248
v 1.112290 0.533035 1.605012
v -0.732431 -0.056186 0.440765
v 1.096921 0.360148 1.696134
v 1.132974 0.684572 1.482381
v -0.732431 -0.056186 0.440765
v 1.112290 0.533035 1.605012
v 1.158177 0.808934 1.332955
v -0.732431 -0.056186 0.440765
v 1.132974 0.684572 1.482381
v 1.186931 0.901344 1.162476
v -0.732431 -0.056186 0.440765
v 1.158177 0.808934 1.332955
v 1.283024 0.958250 0.592750
v -0.732431 -0.056186 0.440765
v 1.250577 0.977465 0.785122
v 1.218130 0.958250 0.977495
v -0.732431 -0.056186 0.440765
v 1.186931 0.901344 1.162476
v 1.250577 0.977465 0.785122
v 1.314223 0.901345 0.407770
v 1.283024 0.958250 0.592750
v 1.368180 0.684572 0.087864
v 1.342977 0.808935 0.237291
v 1.314223 0.901345 0.407770
v 1.404233 0.360149 -0.125890
v 1.388864 0.533036 -0.034767
v 1.368180 0.684572 0.087864
v 1.416893 -0.022534 -0.200950
v 1.413697 0.172556 -0.182003
v 1.404233 0.360149 -0.125890
v 1.404233 -0.405218 -0.125890
v 1.413698 -0.217625 -0.182004
v 1.416893 -0.022534 -0.200950
v 1.368181 -0.729641 0.087863
v 1.388864 -0.578105 -0.034768
v 1.404233 -0.405218 -0.125890
v 1.314224 -0.946414 0.407768
v 1.342978 -0.854004 0.237289
v 1.368181 -0.729641 0.087863
v 1.250577 -1.022535 0.785122
v 1.283024 -1.003320 0.592749
v 1.314224 -0.946414 0.407768
v 1.186931 -0.946415 1.162476
v 1.218130 -1.003320 0.977495
v 1.250577 -1.022535 0.785122
v 1.132974 -0.729642 1.482381
v 1.158177 -0.854005 1.332955
v 1.186931 -0.946415 1.162476
v 1.086058 -0.438869 1.684409
v 1.112290 -0.578105 1.605012
v 1.132974 -0.729642 1.482381
v 1.084261 -0.022535 1.771195
v 1.076594 -0.251276 1.740522
v 1.086058 -0.438869 1.684409
v 1.096921 0.360148 1.696134
v 1.087457 0.172555 1.752248
v 1.084261 -0.022535 1.771195
v 1.132974 0.684572 1.482381
v 1.112290 0.533035 1.605012
v 1.096921 0.360148 1.696134
v 1.186931 0.901344 1.162476
v 1.158177 0.808934 1.332955
v 1.132974 0.684572 1.482381
v 1.250577 0.977465 0.785122
v 1.218130 0.958250 0.977495
v 1.186931 0.901344 1.162476
v 1.250577 0.977465 0.785122
v 1.368180 0.684572 0.087864
v 1.314223 0.901345 0.407770
v 1.416893 -0.022534 -0.200950
v 1.404233 0.360149 -0.125890
v 1.368180 0.684572 0.087864
v 1.368181 -0.729641 0.087863
v 1.404233 -0.405218 -0.125890
v 1.416893 -0.022534 -0.200950
v 1.250577 -1.022535 0.785122
v 1.314224 -0.946414 0.407768
v 1.368181 -0.729641 0.087863
v 1.132974 -0.729642 1.482381
v 1.186931 -0.946415 1.162476
v 1.250577 -1.022535 0.785122
v 1.084261 -0.022535 1.771195
v 1.086058 -0.438869 1.684409
v 1.132974 -0.729642 1.482381
v 1.132974 0.684572 1.482381
v 1.096921 0.360148 1.696134
v 1.084261 -0.022535 1.771195
v 1.250577 0.977465 0.785122
v 1.186931 0.901344 1.162476
v 1.132974 0.684572 1.482381
v 1.250577 0.977465 0.785122
v 1.416893 -0.022534 -0.200950
v 1.368180 0.684572 0.087864
v 1.250577 -1.022535 0.785122
v 1.368181 -0.729641 0.087863
v 1.416893 -0.022534 -0.200950
v 1.084261 -0.022535 1.771195
v 1.132974 -0.729642 1.482381
v 1.250577 -1.022535 0.785122
v 1.250577 0.977465 0.785122
v 1.132974 0.684572 1.482381
v 1.084261 -0.022535 1.771195
v 1.250577 0.977465 0.785122
v 1.250577 -1.022535 0.785122
v 1.416893 -0.022534 -0.200950
v 1.250577 0.977465 0.785122
v 1.084261 -0.022535 1.771195
v 1.250577 -1.022535 0.785122
v 0.730426 -3.121419 1.961095
v 0.892352 -2.536519 1.584961
v 0.049161 -1.132766 0.662517
v 0.049161 -1.132766 0.662517
v -3.396362 -1.233372 1.921888
v 0.730426 -3.121419 1.961095
v -3.396362 -1.233372 1.921888
v 0.049161 -1.132766 0.662517
v 1.784401 -1.113898 -0.141331
v 1.784401 -1.113898 -0.141331
v 1.784401 -1.113898 1.858669
v -3.396362 -1.233372 1.921888
v 1.784401 -1.113898 1.858669
v 1.784401 -1.113898 -0.141331
v 1.784401 -3.113898 -0.141331
v 1.784401 -3.113898 -0.141331
v 1.784401 -3.113898 1.858669
v 1.784401 -1.113898 1.858669
v 1.784401 -3.113898 1.858669
v 1.784401 -3.113898 -0.141331
v 0.892352 -2.536519 1.584961
v 0.892352 -2.536519 1.584961
v 0.730426 -3.121419 1.961095
v 1.784401 -3.113898 1.858669
v 0.892352 -2.536519 1.584961
v 1.784401 -3.113898 -0.141331
v 1.784401 -1.113898 -0.141331
v 1.784401 -1.113898 -0.141331
v 0.049161 -1.132766 0.662517
v 0.892352 -2.536519 1.584961
v 1.784401 -3.113898 1.858669
v 0.730426 -3.121419 1.961095
v -3.396362 -1.233372 1.921888
v -3.396362 -1.233372 1.921888
v 1.784401 -1.113898 1.858669
v 1.784401 -3.113898 1.858669
v 1.314223 0.901345 0.407770
v 1.283024 0.958250 0.592750
v -0.732431 -0.056186 0.440765
v 1.250577 0.977465 0.785122
v 1.218130 0.958250 0.977495
v -0.732431 -0.056186 0.440765
v 1.342977 0.808935 0.237291
v 1.314223 0.901345 0.407770
v -0.732431 -0.056186 0.440765
v 1.368180 0.684572 0.087864
v 1.342977 0.808935 0.237291
v -0.732431 -0.056186 0.440765
v 1.388864 0.533036 -0.034767
v 1.368180 0.684572 0.087864
v -0.732431 -0.056186 0.440765
v 1.404233 0.360149 -0.125890
v 1.388864 0.533036 -0.034767
v -0.732431 -0.056186 0.440765
v 1.413697 0.172556 -0.182003
v 1.404233 0.360149 -0.125890
v -0.732431 -0.056186 0.440765
v 1.416893 -0.022534 -0.200950
v 1.413697 0.172556 -0.182003
v -0.732431 -0.056186 0.440765
v 1.413698 -0.217625 -0.182004
v 1.416893 -0.022534 -0.200950
v -0.732431 -0.056186 0.440765
v 1.404233 -0.405218 -0.125890
v 1.413698 -0.217625 -0.182004
v -0.732431 -0.056186 0.440765
v 1.388864 -0.578105 -0.034768
v 1.404233 -0.405218 -0.125890
v -0.732431 -0.056186 0.440765
v 1.368181 -0.729641 0.087863
v 1.388864 -0.578105 -0.034768
v -0.732431 -0.056186 0.440765
v 1.342978 -0.854004 0.237289
v -0.732431 -0.056186 0.440765
v 1.314224 -0.946414 0.407768
v 1.342978 -0.854004 0.237289
v -0.732431 -0.056186 0.440765
v 1.283024 -1.003320 0.592749
v 1.314224 -0.946414 0.407768
v -0.732431 -0.056186 0.440765
v 1.250577 -1.022535 0.785122
v 1.283024 -1.003320 0.592749
v -0.732431 -0.056186 0.440765
v 1.218130 -1.003320 0.977495
v 1.250577 -1.022535 0.785122
v -0.732431 -0.056186 0.440765
v 1.186931 -0.946415 1.162476
v 1.218130 -1.003320 0.977495
v -0.732431 -0.056186 0.440765
v 1.158177 -0.854005 1.332955
v 1.186931 -0.946415 1.162476
v -0.732431 -0.056186 0.440765
v 1.132974 -0.729642 1.482381
v 1.158177 -0.854005 1.332955
v -0.732431 -0.056186 0.440765
v 1.112290 -0.578105 1.605012
v 1.132974 -0.729642 1.482381
v -0.732431 -0.056186 0.440765
v 1.086058 -0.438869 1.684409
v 1.112290 -0.578105 1.605012
v -0.732431 -0.056186 0.440765
v 1.076594 -0.251276 1.740522
v 1.086058 -0.438869 1.684409
v -0.732431 -0.056186 0.440765
v 1.084261 -0.022535 1.771195
v 1.076594 -0.251276 1.740522
v -0.732431 -0.056186 0.440765
v 1.087457 0.172555 1.752248
v 1.084261 -0.022535 1.771195
v -0.732431 -0.056186 0.440765
v 1.096921 0.360148 1.696134
v 1.087457 0.172555 1.752248
v -0.732431 -0.056186 0.440765
v 1.112290 0.533035 1.605012
v 1.096921 0.360148 1.696134
v -0.732431 -0.056186 0.440765
v 1.132974 0.684572 1.482381
v 1.112290 0.533035 1.605012
v -0.732431 -0.056186 0.440765
v 1.158177 0.808934 1.332955
v 1.132974 0.684572 1.482381
v -0.732431 -0.056186 0.440765
v 1.186931 0.901344 1.162476
v 1.158177 0.808934 1.332955
v -0.732431 -0.056186 0.440765
v 1.283024 0.958250 0.592750
v 1.250577 0.977465 0.785122
v -0.732431 -0.056186 0.440765
v 1.218130 0.958250 0.977495
v 1.186931 0.901344 1.162476
v -0.732431 -0.056186 0.440765
v 1.250577 0.977465 0.785122
v 1.186931 0.901344 1.162476
v 1.218130 0.958250 0.977495
v 1.132974 0.684572 1.482381
v 1.158177 0.808934 1.332955
v 1.186931 0.901344 1.162476
v 1.096921 0.360148 1.696134
v 1.112290 0.533035 1.605012
v 1.132974 0.684572 1.482381
v 1.084261 -0.022535 1.771195
v 1.087457 0.172555 1.752248
v 1.096921 0.360148 1.696134
v 1.086058 -0.438869 1.684409
v 1.076594 -0.251276 1.740522
v 1.084261 -0.022535 1.771195
v 1.132974 -0.729642 1.482381
v 1.112290 -0.578105 1.605012
v 1.086058 -0.438869 1.684409
v 1.186931 -0.946415 1.162476
v 1.158177 -0.854005 1.332955
v 1.132974 -0.729642 1.482381
v 1.250577 -1.022535 0.785122
v 1.218130 -1.003320 0.977495
v 1.186931 -0.946415 1.162476
v 1.314224 -0.946414 0.407768
v 1.283024 -1.003320 0.592749
v 1.250577 -1.022535 0.785122
v 1.368181 -0.729641 0.087863
v 1.342978 -0.854004 0.237289
v 1.314224 -0.946414 0.407768
v 1.404233 -0.405218 -0.125890
v 1.388864 -0.578105 -0.034768
v 1.368181 -0.729641 0.087863
v 1.416893 -0.022534 -0.200950
v 1.413698 -0.217625 -0.182004
v 1.404233 -0.405218 -0.125890
v 1.404233 0.360149 -0.125890
v 1.413697 0.172556 -0.182003
v 1.416893 -0.022534 -0.200950
v 1.368180 0.684572 0.087864
v 1.388864 0.533036 -0.034767
v 1.404233 0.360149 -0.125890
v 1.314223 0.901345 0.407770
v 1.342977 0.808935 0.237291
v 1.368180 0.684572 0.087864
v 1.250577 0.977465 0.785122
v 1.283024 0.958250 0.592750
v 1.314223 0.901345 0.407770
v 1.250577 0.977465 0.785122
v 1.132974 0.684572 1.482381
v 1.186931 0.901344 1.162476
v 1.084261 -0.022535 1.771195
v 1.096921 0.360148 1.696134
v 1.132974 0.684572 1.482381
v 1.132974 -0.729642 1.482381
v 1.086058 -0.438869 1.684409
v 1.084261 -0.022535 1.771195
v 1.250577 -1.022535 0.785122
v 1.186931 -0.946415 1.162476
v 1.132974 -0.729642 1.482381
v 1.368181 -0.729641 0.087863
v 1.314224 -0.946414 0.407768
v 1.250577 -1.022535 0.785122
v 1.416893 -0.022534 -0.200950
v 1.404233 -0.405218 -0.125890
v 1.368181 -0.729641 0.087863
v 1.368180 0.684572 0.087864
v 1.404233 0.360149 -0.125890
v 1.416893 -0.022534 -0.200950
v 1.250577 0.977465 0.785122
v 1.314223 0.901345 0.407770
v 1.368180 0.684572 0.087864
v 1.250577 0.977465 0.785122
v 1.084261 -0.022535 1.771195
v 1.132974 0.684572 1.482381
v 1.250577 -1.022535 0.785122
v 1.132974 -0.729642 1.482381
v 1.084261 -0.022535 1.771195
v 1.416893 -0.022534 -0.200950
v 1.368181 -0.729641 0.087863
v 1.250577 -1.022535 0.785122
v 1.250577 0.977465 0.785122
v 1.368180 0.684572 0.087864
v 1.416893 -0.022534 -0.200950
v 1.250577 0.977465 0.785122
v 1.250577 -1.022535 0.785122
v 1.084261 -0.022535 1.771195
v 1.250577 0.977465 0.785122
v 1.416893 -0.022534 -0.200950
v 1.250577 -1.022535 0.785122
v 0.730426 -3.121419 1.961095
v 0.892352 -2.536519 1.584961
v 0.049161 -1.132766 0.662517
v 0.049161 -1.132766 0.662517
v -3.396362 -1.233372 1.921888
v 0.730426 -3.121419 1.961095
v -3.396362 -1.233372 1.921888
v 0.049161 -1.132766 0.662517
v 1.784401 -1.113898 -0.141331
v 1.784401 -1.113898 -0.141331
v 1.784401 -1.113898 1.858669
v -3.396362 -1.233372 1.921888
v 1.784401 -1.113898 1.858669
v 1.784401 -1.113898 -0.141331
v 1.784401 -3.113898 -0.141331
v 1.784401 -3.113898 -0.141331
v 1.784401 -3.113898 1.858669
v 1.784401 -1.113898 1.858669
v 1.784401 -3.113898 1.858669
v 1.784401 -3.113898 -0.141331
v 0.892352 -2.536519 1.584961
v 0.892352 -2.536519 1.584961
v 0.730426 -3.121419 1.961095
v 1.784401 -3.113898 1.858669
v 0.892352 -2.536519 1.584961
v 1.784401 -3.113898 -0.141331
v 1.784401 -1.113898 -0.141331
v 1.784401 -1.113898 -0.141331
v 0.049161 -1.132766 0.662517
v 0.892352 -2.536519 1.584961
v 1.784401 -3.113898 1.858669
v 0.730426 -3.121419 1.961095
v -3.396362 -1.233372 1.921888
v -3.396362 -1.233372 1.921888
v 1.784401 -1.113898 1.858669
v 1.784401 -3.113898 1.858669
v 1.314223 0.901345 0.407770
v 1.283024 0.958250 0.592750
v -0.732431 -0.056186 0.440765
v 1.250577 0.977465 0.785122
v 1.218130 0.958250 0.977495
v -0.732431 -0.056186 0.440765
v 1.342977 0.808935 0.237291
v 1.314223 0.901345 0.407770
v -0.732431 -0.056186 0.440765
v 1.368180 0.684572 0.087864
v 1.342977 0.808935 0.237291
v -0.732431 -0.056186 0.440765
v 1.388864 0.533036 -0.034767
v 1.368180 0.684572 0.087864
v -0.732431 -0.056186 0.440765
v 1.404233 0.360149 -0.125890
v 1.388864 0.533036 -0.034767
v -0.732431 -0.056186 0.440765
v 1.413697 0.172556 -0.182003
v 1.404233 0.360149 -0.125890
v -0.732431 -0.056186 0.440765
v 1.416893 -0.022534 -0.200950
v 1.413697 0.172556 -0.182003
v -0.732431 -0.056186 0.440765
v 1.413698 -0.217625 -0.182004
v 1.416893 -0.022534 -0.200950
v -0.732431 -0.056186 0.440765
v 1.404233 -0.405218 -0.125890
v 1.413698 -0.217625 -0.182004
v -0.732431 -0.056186 0.440765
v 1.388864 -0.578105 -0.034768
v 1.404233 -0.405218 -0.125890
v -0.732431 -0.056186 0.440765
v 1.368181 -0.729641 0.087863
v 1.388864 -0.578105 -0.034768
v -0.732431 -0.056186 0.440765
v 1.342978 -0.854004 0.237289
v 1.368181 -0.729641 0.087863
v -0.732431 -0.056186 0.440765
v 1.314224 -0.946414 0.407768
v 1.342978 -0.854004 0.237289
v -0.732431 -0.056186 0.440765
v 1.283024 -1.003320 0.592749
v 1.314224 -0.946414 0.407768
v -0.732431 -0.056186 0.440765
v 1.250577 -1.022535 0.785122
v 1.283024 -1.003320 0.592749
v -0.732431 -0.056186 0.440765
v 1.218130 -1.003320 0.977495
v 1.250577 -1.022535 0.785122
v -0.732431 -0.056186 0.440765
v 1.186931 -0.946415 1.162476
v 1.218130 -1.003320 0.977495
v -0.732431 -0.056186 0.440765
v 1.158177 -0.854005 1.332955
v 1.186931 -0.946415 1.162476
v -0.732431 -0.056186 0.440765
v 1.132974 -0.729642 1.482381
v 1.158177 -0.854005 1.332955
v -0.732431 -0.056186 0.440765
v 1.112290 -0.578105 1.605012
v 1.132974 -0.729642 1.482381
v -0.732431 -0.056186 0.440765
v 1.086058 -0.438869 1.684409
v 1.112290 -0.578105 1.605012
v -0.732431 -0.056186 0.440765
v 1.076594 -0.251276 1.740522
v 1.086058 -0.438869 1.684409
v -0.732431 -0.056186 0.440765
v 1.084261 -0.022535 1.771195
v 1.076594 -0.251276 1.740522
v -0.732431 -0.056186 0.440765
v 1.087457 0.172555 1.752248
v 1.084261 -0.022535 1.771195
v -0.732431 -0.056186 0.440765
v 1.096921 0.360148 1.696134
v 1.087457 0.172555 1.752248
v -0.732431 -0.056186 0.440765
v 1.112290 0.533035 1.605012
v 1.096921 0.360148 1.696134
v -0.732431 -0.056186 0.440765
v 1.132974 0.684572 1.482381
v 1.112290 0.533035 1.605012
v -0.732431 -0.056186 0.440765
v 1.158177 0.808934 1.332955
v 1.132974 0.684572 1.482381
v -0.732431 -0.056186 0.440765
v 1.186931 0.901344 1.162476
v 1.158177 0.808934 1.332955
v -0.732431 -0.056186 0.440765
v 1.283024 0.958250 0.592750
v 1.250577 0.977465 0.785122
v -0.732431 -0.056186 0.440765
v 1.218130 0.958250 0.977495
v 1.186931 0.901344 1.162476
v -0.732431 -0.056186 0.440765
v 1.250577 0.977465 0.785122
v 1.186931 0.901344 1.162476
v 1.218130 0.958250 0.977495
v 1.132974 0.684572 1.482381
v 1.158177 0.808934 1.332955
v 1.186931 0.901344 1.162476
v 1.096921 0.360148 1.696134
v 1.112290 0.533035 1.605012
v 1.132974 0.684572 1.482381
v 1.084261 -0.022535 1.771195
v 1.087457 0.172555 1.752248
v 1.096921 0.360148 1.696134
v 1.086058 -0.438869 1.684409
v 1.076594 -0.251276 1.740522
v 1.084261 -0.022535 1.771195
v 1.132974 -0.729642 1.482381
v 1.112290 -0.578105 1.605012
v 1.086058 -0.438869 1.684409
v 1.186931 -0.946415 1.162476
v 1.158177 -0.854005 1.332955
v 1.132974 -0.729642 1.482381
v 1.250577 -1.022535 0.785122
v 1.218130 -1.003320 0.977495
v 1.186931 -0.946415 1.162476
v 1.314224 -0.946414 0.407768
v 1.283024 -1.003320 0.592749
v 1.250577 -1.022535 0.785122
v 1.368181 -0.729641 0.087863
v 1.342978 -0.854004 0.237289
v 1.314224 -0.946414 0.407768
v 1.404233 -0.405218 -0.125890
v 1.388864 -0.578105 -0.034768
v 1.368181 -0.729641 0.087863
v 1.416893 -0.022534 -0.200950
v 1.413698 -0.217625 -0.182004
v 1.404233 -0.405218 -0.125890
v 1.404233 0.360149 -0.125890
v 1.413697 0.172556 -0.182003
v 1.416893 -0.022534 -0.200950
v 1.368180 0.684572 0.087864
v 1.388864 0.533036 -0.034767
v 1.404233 0.360149 -0.125890
v 1.314223 0.901345 0.407770
v 1.342977 0.808935 0.237291
v 1.368180 0.684572 0.087864
v 1.250577 0.977465 0.785122
v 1.283024 0.958250 0.592750
v 1.314223 0.901345 0.407770
v 1.250577 0.977465 0.785122
v 1.132974 0.684572 1.482381
v 1.186931 0.901344 1.162476
v 1.084261 -0.022535 1.771195
v 1.096921 0.360148 1.696134
v 1.132974 0.684572 1.482381
v 1.132974 -0.729642 1.482381
v 1.086058 -0.438869 1.684409
v 1.084261 -0.022535 1.771195
v 1.250577 -1.022535 0.785122
v 1.186931 -0.946415 1.162476
v 1.132974 -0.729642 1.482381
v 1.368181 -0.729641 0.087863
v 1.314224 -0.946414 0.407768
v 1.250577 -1.022535 0.785122
v 1.416893 -0.022534 -0.200950
v 1.404233 -0.405218 -0.125890
v 1.368181 -0.729641 0.087863
v 1.368180 0.684572 0.087864
v 1.404233 0.360149 -0.125890
v 1.416893 -0.022534 -0.200950
v 1.250577 0.977465 0.785122
v 1.314223 0.901345 0.407770
v 1.368180 0.684572 0.087864
v 1.250577 0.977465 0.785122
v 1.084261 -0.022535 1.771195
v 1.132974 0.684572 1.482381
v 1.250577 -1.022535 0.785122
v 1.132974 -0.729642 1.482381
v 1.084261 -0.022535 1.771195
v 1.416893 -0.022534 -0.200950
v 1.368181 -0.729641 0.087863
v 1.250577 -1.022535 0.785122
v 1.250577 0.977465 0.785122
v 1.368180 0.684572 0.087864
v 1.416893 -0.022534 -0.200950
v 1.250577 0.977465 0.785122
v 1.250577 -1.022535 0.785122
v 1.084261 -0.022535 1.771195
v 1.250577 0.977465 0.785122
v 1.416893 -0.022534 -0.200950
v 1.250577 -1.022535 0.785122
v 0.730426 -3.121419 1.961095
v -3.396362 -1.233372 1.921888
v 0.049161 -1.132766 0.662517
v 0.049161 -1.132766 0.662517
v 0.892352 -2.536519 1.584961
v 0.730426 -3.121419 1.961095
v -3.396362 -1.233372 1.921888
v 1.784401 -1.113898 1.858669
v 1.784401 -1.113898 -0.141331
v 1.784401 -1.113898 -0.141331
v 0.049161 -1.132766 0.662517
v -3.396362 -1.233372 1.921888
v 1.784401 -1.113898 1.858669
v 1.784401 -3.113898 1.858669
v 1.784401 -3.113898 -0.141331
v 1.784401 -3.113898 -0.141331
v 1.784401 -1.113898 -0.141331
v 1.784401 -1.113898 1.858669
v 1.784401 -3.113898 1.858669
v 0.730426 -3.121419 1.961095
v 0.892352 -2.536519 1.584961
v 0.892352 -2.536519 1.584961
v 1.784401 -3.113898 -0.141331
v 1.784401 -3.113898 1.858669
v 0.892352 -2.536519 1.584961
v 0.049161 -1.132766 0.662517
v 1.784401 -1.113898 -0.141331
v 1.784401 -1.113898 -0.141331
v 1.784401 -3.113898 -0.141331
v 0.892352 -2.536519 1.584961
v 1.784401 -3.113898 1.858669
v 1.784401 -1.113898 1.858669
v -3.396362 -1.233372 1.921888
v -3.396362 -1.233372 1.921888
v 0.730426 -3.121419 1.961095
v 1.784401 -3.113898 1.858669
v 1.314223 0.901345 0.407770
v -3.936721 -0.093626 0.407369
v 1.283024 0.958250 0.592750
v 1.250577 0.977465 0.785122
v -3.936721 -0.093626 0.407369
v 1.739729 1.126579 1.126620
v 1.342977 0.808935 0.237291
v -3.936721 -0.093626 0.407369
v 1.314223 0.901345 0.407770
v 1.368180 0.684572 0.087864
v -3.936721 -0.093626 0.407369
v 1.342977 0.808935 0.237291
v 1.388864 0.533036 -0.034767
v -3.936721 -0.093626 0.407369
v 1.368180 0.684572 0.087864
v 1.404233 0.360149 -0.125890
v -3.936721 -0.093626 0.407369
v 1.388864 0.533036 -0.034767
v 1.413697 0.172556 -0.182003
v -3.936721 -0.093626 0.407369
v 1.404233 0.360149 -0.125890
v 1.416893 -0.022534 -0.200950
v -3.936721 -0.093626 0.407369
v 1.413697 0.172556 -0.182003
v -3.936721 -0.093626 0.407369
v 1.416893 -0.022534 -0.200950
v 1.404233 -0.405218 -0.125890
v -3.936721 -0.093626 0.407369
v 1.413698 -0.217625 -0.182004
v 1.388864 -0.578105 -0.034768
v -3.936721 -0.093626 0.407369
v 1.404233 -0.405218 -0.125890
v 1.368181 -0.729641 0.087863
v -3.936721 -0.093626 0.407369
v 1.388864 -0.578105 -0.034768
v 1.342978 -0.854004 0.237289
v -3.936721 -0.093626 0.407369
v 1.368181 -0.729641 0.087863
v 1.314224 -0.946414 0.407768
v -3.936721 -0.093626 0.407369
v 1.342978 -0.854004 0.237289
v 1.283024 -1.003320 0.592749
v -3.936721 -0.093626 0.407369
v 1.314224 -0.946414 0.407768
v 1.250577 -1.022535 0.785122
v -3.936721 -0.093626 0.407369
v 1.283024 -1.003320 0.592749
v 1.843817 -1.131099 1.138284
v -3.936721 -0.093626 0.407369
v 1.250577 -1.022535 0.785122
v 1.186931 -0.946415 1.162476
v -3.936721 -0.093626 0.407369
v 1.843817 -1.131099 1.138284
v 1.158177 -0.854005 1.332955
v -3.936721 -0.093626 0.407369
v 1.186931 -0.946415 1.162476
v 1.770836 -1.131711 1.478756
v -3.936721 -0.093626 0.407369
v 1.158177 -0.854005 1.332955
v 1.750152 -0.980174 1.601386
v -3.936721 -0.093626 0.407369
v 1.770836 -1.131711 1.478756
v 1.086058 -0.438869 1.684409
v -3.936721 -0.093626 0.407369
v 1.750152 -0.980174 1.601386
v 1.726511 -0.223342 1.770107
v -3.936721 -0.093626 0.407369
v 1.086058 -0.438869 1.684409
v 1.747550 0.077755 1.776850
v -3.936721 -0.093626 0.407369
v 1.726511 -0.223342 1.770107
v 1.087457 0.172555 1.752248
v -3.936721 -0.093626 0.407369
v 1.747550 0.077755 1.776850
v 1.727232 0.920981 1.709973
v -3.936721 -0.093626 0.407369
v 1.087457 0.172555 1.752248
v 1.742601 1.093868 1.618850
v -3.936721 -0.093626 0.407369
v 1.727232 0.920981 1.709973
v 1.132974 0.684572 1.482381
v -3.936721 -0.093626 0.407369
v 1.742601 1.093868 1.618850
v 1.158177 0.808934 1.332955
v -3.936721 -0.093626 0.407369
v 1.132974 0.684572 1.482381
v 1.073913 0.990058 1.163436
v -3.936721 -0.093626 0.407369
v 1.158177 0.808934 1.332955
v 1.283024 0.958250 0.592750
v -3.936721 -0.093626 0.407369
v 1.250577 0.977465 0.785122
v 1.739729 1.126579 1.126620
v -3.936721 -0.093626 0.407369
v 1.073913 0.990058 1.163436
v 1.250577 0.977465 0.785122
v 1.314223 0.901345 0.407770
v 1.283024 0.958250 0.592750
v 1.368180 0.684572 0.087864
v 1.342977 0.808935 0.237291
v 1.314223 0.901345 0.407770
v 1.404233 0.360149 -0.125890
v 1.388864 0.533036 -0.034767
v 1.368180 0.684572 0.087864
v 1.416893 -0.022534 -0.200950
v 1.413697 0.172556 -0.182003
v 1.404233 0.360149 -0.125890
v 1.404233 -0.405218 -0.125890
v 1.413698 -0.217625 -0.182004
v 1.416893 -0.022534 -0.200950
v 1.368181 -0.729641 0.087863
v 1.388864 -0.578105 -0.034768
v 1.404233 -0.405218 -0.125890
v 1.314224 -0.946414 0.407768
v 1.342978 -0.854004 0.237289
v 1.368181 -0.729641 0.087863
v 1.250577 -1.022535 0.785122
v 1.283024 -1.003320 0.592749
v 1.314224 -0.946414 0.407768
v 1.186931 -0.946415 1.162476
v 1.843817 -1.131099 1.138284
v 1.250577 -1.022535 0.785122
v 1.750152 -0.980174 1.601386
v 1.770836 -1.131711 1.478756
v 1.158177 -0.854005 1.332955
v 1.158177 -0.854005 1.332955
v 1.186931 -0.946415 1.162476
v 1.250577 -1.022535 0.785122
v 1.250577 -1.022535 0.785122
v 1.314224 -0.946414 0.407768
v 1.368181 -0.729641 0.087863
v 1.368181 -0.729641 0.087863
v 1.404233 -0.405218 -0.125890
v 1.416893 -0.022534 -0.200950
v 1.416893 -0.022534 -0.200950
v 1.404233 0.360149 -0.125890
v 1.368180 0.684572 0.087864
v 1.250577 0.977465 0.785122
v 1.368180 0.684572 0.087864
v 1.314223 0.901345 0.407770
v 1.250577 0.977465 0.785122
v 1.739729 1.126579 1.126620
v 1.073913 0.990058 1.163436
v 1.132974 0.684572 1.482381
v 1.742601 1.093868 1.618850
v 1.727232 0.920981 1.709973
v 1.250577 0.977465 0.785122
v 1.073913 0.990058 1.163436
v 1.158177 0.808934 1.332955
v 1.132974 0.684572 1.482381
v 1.727232 0.920981 1.709973
v 1.087457 0.172555 1.752248
v 1.250577 0.977465 0.785122
v 1.158177 0.808934 1.332955
v 1.132974 0.684572 1.482381
v 1.250577 0.977465 0.785122
v 1.416893 -0.022534 -0.200950
v 1.368180 0.684572 0.087864
v 1.250577 -1.022535 0.785122
v 1.368181 -0.729641 0.087863
v 1.416893 -0.022534 -0.200950
v 1.086058 -0.438869 1.684409
v 1.750152 -0.980174 1.601386
v 1.158177 -0.854005 1.332955
v 1.158177 -0.854005 1.332955
v 1.250577 -1.022535 0.785122
v 1.416893 -0.022534 -0.200950
v 1.250577 0.977465 0.785122
v 1.132974 0.684572 1.482381
v 1.416893 -0.022534 -0.200950
v 1.132974 0.684572 1.482381
v 1.087457 0.172555 1.752248
v 1.747550 0.077755 1.776850
v 1.747550 0.077755 1.776850
v 1.726511 -0.223342 1.770107
v 1.086058 -0.438869 1.684409
v 1.086058 -0.438869 1.684409
v 1.158177 -0.854005 1.332955
v 1.416893 -0.022534 -0.200950
v 1.132974 0.684572 1.482381
v 1.747550 0.077755 1.776850
v 1.416893 -0.022534 -0.200950
v 1.747550 0.077755 1.776850
v 1.086058 -0.438869 1.684409
v 1.416893 -0.022534 -0.200950
vt 1.0 1.0
vt 1.0 0.0
vt 0.0 0.0
vt 0.0 1.0


i 0 1 2 3 4 5 6 7 8 9 10 11 12 13 14 15 16 17 18 19 20 21 22 23 24 25 26 27 28 29 30 31 32 33 34 35 36 37 38 39 40 41 42 43 44 45 46 47 48 49 50 51 52 53 54 55 56 57 58 59 60 61 62 63 64 65 66 67 68 69 70 71 72 73 74 75 76 77 78 79 80 81 82 83 84 85 86 87 88 89 90 91 92 93 94 95 96 97 98 99 100 101 102 103 104 105 106 107 108 109 110 111 112 113 114 115 116 117 118 119 120 121 122 123 124 125 126 127 128 129 130 131 132 133 134 135 136 137 138 139 140 141 142 143 144 145 146 147 148 149 150 151 152 153 154 155 156 157 158 159 160 161 162 163 164 165 166 167 168 169 170 171 172 173 174 175 176 177 178 179 180 181 182 183 184 185 186 187 188 189 190 191 192 193 194 195 196 197 198 199 200 201 202 203 204 205 206 207 208 209 210 211 212 213 214 215 216 217 218 219 220 221 222 223 224 225 226 227 228 229 230 231 232 233 234 235 236 237 238 239 240 241 242 243 244 245 246 247 248 249 250 251 252 253 254 255 256 257 258 259 260 261 262 263 264 265 266 267 268 269 270 271 272 273 274 275 276 277 278 279 280 281 282 283 284 285 286 287 288 289 290 291 292 293 294 295 296 297 298 299 300
 301 302 303 304 305 306 307 308 309 310 311 312 313 314 315 316 317 318 319 320 321 322 323 324 325 326 327 328 329 330 331 332 333 334 335 336 337 338 339 340 341 342 343 344 345 346 347 348 349 350 351 352 353 354 355 356 357 358 359 360 361 362 363 364 365 366 367 368 369 370 371 372 373 374 375 376 377 378 379 380 381 382 383 384 385 386 387 388 389 390 391 392 393 394 395 396 397 398 399 400 401 402 403 404 405 406 407 408 409 410 411 412 413 414 415 416 417 418 419 420 421 422 423 424 425 426 427 428 429 430 431 432 433 434 435 436 437 438 439 440 441 442 443 444 445 446 447 448 449 450 451 452 453 454 455 456 457 458 459 460 461 462 463 464 465 466 467 468 469 470 471 472 473 474 475 476 477 478 479 480 481 482 483 484 485 486 487 488 489 490 491 492 493 494 495 496 497 498 499 500 501 502 503 504 505 506 507 508 509 510 511 512 513 514 515 516 517 518 519 520 521 522 523 524 525 526 527 528 529 530 531 532 533 534 535 536 537 538 539 540 541 542 543 544 545 546 547 548 549 550 551 552 553 554 555 556 557 558 559 560 561 562 563 564 565 566 567 568 569 570 571 572 573 574 575 576 577 578 579 580 581 582 583 584 585 586 587 588 589 590 591 592 593 594 595 596 597 598 599 600
 601 602 603 604 605 606 607 608 609 610 611 612 613 614 615 616 617 618 619 620 621 622 623 624 625 626 627 628 629 630 631 632 633 634 635 636 637 638 639 640 641 642 643 644 645 646 647 648 649 650 651 652 653 654 655 656 657 658 659 660 661 662 663 664 665 666 667 668 669 670 671 672 673 674 675 676 677 678 679 680 681 682 683 684 685 686 687 688 689 690 691 692 693 694 695 696 697 698 699 700 701 702 703 704 705 706 707 708 709 710 711 712 713 714 715 716 717 718 719 720 721 722 723 724 725 726 727 728 729 730 731 732 733 734 735 736 737 738 739 740 741 742 743 744 745 746 747 748 749 750 751 752 753 754 755 756 757 758 759 760 761 762 763 764 765 766 767 768 769 770 771 772 773 774 775 776 777 778 779 780 781 782 783 784 785 786 787 788 789 790 791 792 793 794 795 796 797 798 799 800 801 802 803 804 805 806 807 808 809 810 811 812 813 814 815 816 817 818 819 820 821 822 823 824 825 826 827 828 829 830 831 832 833 834 835 836 837 838 839 840 841 842 843 844 845 846 847 848 849 850 851 852 853 854 855 856 857 858 859 860 861 862 863 864 865 866 867 868 869 870 871 872 873 874 875 876 877 878 879 880 881 882 883 884 885 886 887 888 889 890 891 892 893 894 895 896 897 898 899 900 
 901 902 903 904 905 906 907 908 909 910 911 912 913 914 915 916 917 918 919 920 921 922 923 924 925 926 927 928 929 930 931 932 933 934 935 936 937 938 939 940 941 942 943 944 945 946 947 948 949 950 951 952 953 954 955 956 957 958 959 960 961 962 963 964 965 966 967 968 969 970 971 972 973 974 975 976 977 978 979 980 981 982 983 984 985 986 987 988 989 990 991 992 993 994 995 996 997 998 999 1000 1001 1002 1003 1004 1005 1006 1007 1008 1009 1010 1011 1012 1013 1014 1015 1016 1017 1018 1019 1020 1021 1022 1023 1024 1025 1026 1027 1028 1029 1030 1031 1032 1033 1034 1035 1036 1037 1038 1039 1040 1041 1042 1043 1044 1045 1046 1047 1048 1049 1050 1051 1052 1053 1054 1055 1056 1057 1058 1059 1060 1061 1062 1063 1064 1065 1066 1067 1068 1069 1070 1071 1072 1073 1074 1075 1076 1077 1078 1079 1080 1081 1082 1083 1084 1085 1086 1087 1088 1089 1090 1091 1092 1093 1094 1095 1096 1097 1098 1099 1100 1101 1102 1103 1104 1105 1106 1107 1108 1109 1110 1111 1112 1113 1114 1115 1116 1117 1118 1119 1120 1121 1122 1123 1124 1125 1126 1127 1128 1129 1130 1131 1132 1133 1134 1135 1136 1137 1138 1139 1140 1141 1142 1143 1144 1145 1146 1147 1148 1149 1150 1151 1152 1153 1154 1155 1156 1157 1158 1159 1160 1161 1162 1163 1164 1165 1166 1167 1168 1169 1170 1171 1172 1173 1174 1175 1176 1177 1178 1179 1180 1181 1182 1183 1184 1185 1186 1187 1188 1189 1190 1191 1192 1193 1194 1195 1196 1197 1198 1199 1200 
 1201 1202 1203 1204 1205 1206 1207 1208 1209 1210 1211 1212 1213 1214 1215 1216 1217 1218 1219 1220 1221 1222 1223 1224 1225 1226 1227 1228 1229 1230 1231 1232 1233 1234 1235 1236 1237 1238 1239 1240 1241 1242 1243 1244 1245 1246 1247 1248 1249 1250 1251 1252 1253 1254 1255 1256 1257 1258 1259 1260 1261 1262 1263 1264 1265 1266 1267 1268 1269 1270 1271 1272 1273 1274 1275 1276 1277 1278 1279 1280 1281 1282 1283 1284 1285 1286 1287 1288 1289 1290 1291 1292 1293 1294 1295 1296 1297 1298 1299 1300 1301 1302 1303 1304 1305 1306 1307 1308 1309 1310 1311 1312 1313 1314 1315 1316 1317 1318 1319 1320 1321 1322 1323 1324 1325 1326 1327 1328 1329 1330 1331 1332 1333 1334 1335 1336 1337 1338 1339 1340 1341 1342 1343 1344 1345 1346 1347 1348 1349 1350 1351 1352 1353 1354 1355 1356 1357 1358 1359 1360 1361 1362 1363 1364 1365 1366 1367 1368 1369 1370 1371 1372 1373 1374 1375 1376 1377 1378 1379 1380 1381 1382 1383 1384 1385 1386 1387 1388 1389 1390 1391 1392 1393 1394 1395 1396 1397 1398 1399 1400 1401 1402 1403 1404 1405 1406 1407 1408 1409 1410 1411 1412 1413 1414 1415 1416 1417 1418 1419 1420 1421 1422 1423 1424 1425 1426 1427 1428 1429 1430 1431 1432 1433 1434 1435 1436 1437 1438 1439 1440 1441 1442 1443 1444 1445 1446 1447 1448 1449 1450 1451 1452 1453 1454 1455 1456 1457 1458 1459 1460 1461 1462 1463 1464 1465 1466 1467 1468 1469 1470 1471 1472 1473 1474 1475 1476 1477 1478 1479 1480 1481 1482 1483 1484 1485 1486 1487 1488 1489 1490 1491 1492 1493 1494 1495 1496 1497 1498 1499 1500
 1501 1502 1503 1504 1505 1506 1507 1508 1509 1510 1511 1512 1513 1514 1515 1516 1517 1518 1519 1520 1521 1522 1523 1524 1525 1526 1527 1528 1529 1530 1531 1532 1533 1534 1535 1536 1537 1538 1539 1540 1541 1542 1543 1544 1545 1546 1547 1548 1549 1550 1551 1552 1553 1554 1555 1556 1557 1558 1559 1560 1561 1562 1563 1564 1565 1566 1567 1568 1569 1570 1571 1572 1573 1574 1575 1576 1577 1578 1579 1580 1581 1582 1583 1584 1585 1586 1587 1588 1589 1590 1591 1592 1593 1594 1595 1596 1597 1598 1599 1600 1601 1602 1603 1604 1605 1606 1607 1608 1609 1610 1611 1612 1613 1614 1615 1616 1617 1618 1619 1620 1621 1622 1623 1624 1625 1626 1627 1628 1629 1630 1631 1632 1633 1634 1635 1636 1637 1638 1639 1640 1641 1642 1643 1644 1645 1646 1647 1648 1649 1650 1651 1652 1653 1654 1655 1656 1657 1658 1659 1660 1661 1662 1663 1664 1665 1666 1667 1668 1669 1670 1671 1672 1673 1674 1675 1676 1677 1678 1679 1680 1681 1682 1683 1684 1685 1686 1687 1688 1689 1690 1691 1692 1693 1694 1695 1696 1697 1698 1699 1700 1701 1702 1703 1704 1705 1706 1707 1708 1709 1710 1711 1712 1713 1714 1715 1716 1717 1718 1719 1720 1721 1722 1723 1724 1725 1726 1727 1728 1729 1730 1731 1732 1733 1734 1735 1736 1737 1738 1739 1740 1741 1742 1743 1744 1745 1746 1747 1748 1749 1750 1751 1752 1753 1754 1755 1756 1757 1758 1759 1760 1761 1762 1763 1764 1765 1766 1767 1768 1769 1770 1771 1772 1773 1774 1775 1776 1777 1778 1779 1780 1781 1782 1783 1784 1785 1786 1787 1788 1789 1790 1791 1792 1793 1794 1795 1796 1797 1798 1799 1800 
1801 1802 1803 1804 1805 1806 1807 1808 1809 1810 1811 1812 1813 1814 1815 1816 1817 1818 1819 1820 1821 1822 1823 1824 1825 1826 1827 1828 1829 1830 1831 1832 1833 1834 1835 1836 1837 1838 1839 1840 1841 1842 1843 1844 1845 1846 1847 1848 1849 1850 1851 1852 1853 1854 1855 1856 1857 1858 1859 1860 1861 1862 1863 1864 1865 1866 1867 1868 1869 1870 1871 1872 1873 1874 1875 1876 1877 1878 1879 1880 1881 1882 1883 1884 1885 1886 1887 1888 1889 1890 1891 1892 1893 1894 1895 1896 1897 1898 1899 1900 1901 1902 1903 1904 1905 1906 1907 1908 1909 1910 1911 1912 1913 1914	1915	1916	1917	1918	1919	1920	1921	1922	1923	1924	1925	1926	1927	1928	1929	1930	1931	1932	1933	1934	1935	1936	1937	1938	1939	1940	1941	1942	1943	1944	1945	1946	1947	1948	1949	1950	1951	1952	1953	1954	1955	1956	1957	1958	1959	1960	1961	1962	1963	1964	1965	1966	1967	1968	1969	1970	1971	1972	1973	1974	1975	1976	1977	1978	1979	1980	1981	1982	1983	1984	1985	1986	1987	1988	1989	1990	1991	1992	1993	1994	1995	1996	1997	1998	1999	2000	2001	2002	2003	2004	2005	2006	2007	2008	2009	2010	2011	2012	2013	2014	2015	2016	2017	2018	2019	2020	2021	2022	2023	2024	2025	2026	2027	2028	2029	2030	2031	2032	2033	2034	2035	2036	2037	2038	2039	2040	2041	2042	2043	2044	2045	2046	2047	2048	2049	2050	2051	2052	2053	2054	2055	2056	2057	2058	2059	2060	2061	2062	2063	2064	2065	2066	2067	2068	2069	2070	2071	2072	2073	2074	2075	2076	2077	2078	2079	2080	2081	2082	2083	2084	2085	2086	2087	2088	2089	2090	2091	2092	2093	2094	2095	2096	2097	2098	2099	2100	
2101	2102	2103	2104	2105	2106	2107	2108	2109	2110	2111	2112	2113	2114	2115	2116	2117	2118	2119	2120	2121	2122	2123	2124	2125	2126	2127	2128	2129	2130	2131	2132	2133	2134	2135	2136	2137	2138	2139	2140	2141	2142	2143	2144	2145	2146	2147	2148	2149	2150	2151	2152	2153	2154	2155	2156	2157	2158	2159	2160	2161	2162	2163	2164	2165	2166	2167	2168	2169	2170	2171	2172	2173	2174	2175	2176	2177	2178	2179	2180	2181	2182	2183	2184	2185	2186	2187	2188	2189	2190	2191	2192	2193	2194	2195	2196	2197	2198	2199	2200	2201	2202	2203	2204	2205	2206	2207	2208	2209	2210	2211	2212	2213	2214	2215	2216	2217	2218	2219	2220	2221	2222	2223	2224	2225	2226	2227	2228	2229	2230	2231	2232	2233	2234	2235	2236	2237	2238	2239	2240	2241	2242	2243	2244	2245	2246	2247	2248	2249	2250	2251	2252	2253	2254	2255	2256	2257	2258	2259	2260	2261	2262	2263	2264	2265	2266	2267	2268	2269	2270	2271	2272	2273	2274	2275	2276	2277	2278	2279	2280	2281	2282	2283	2284	2285	2286	2287	2288	2289	2290	2291	2292	2293	2294	2295	2296	2297	2298	2299	2300	2301	2302	2303	2304	2305	2306	2307	2308	2309	2310	2311	2312	2313	2314	2315	2316	2317	2318	2319	2320	2321	2322	2323	2324	2325	2326	2327	2328	2329	2330	2331	2332	2333	2334	2335	2336	2337	2338	2339	2340	2341	2342	2343	2344	2345	2346	2347	2348	2349	2350	2351	2352	2353	2354	2355	2356	2357	2358	2359	2360	2361	2362	2363	2364	2365	2366	2367	2368	2369	2370	2371	2372	2373	2374	2375	2376	2377	2378	2379	2380	2381	2382	2383	2384	2385	2386	2387	2388	2389	2390	2391	2392	2393	2394	2395	2396	2397	2398	2399	2400
	2401	2402	2403	2404	2405	2406	2407	2408	2409	2410	2411	2412	2413	2414	2415	2416	2417	2418	2419	2420	2421	2422	2423	2424	2425	2426	2427	2428	2429	2430	2431	2432	

